91.1642888229564
85.99904639847254
80.8131887408159
75.60810737676262
70.38547664075307
65.14724050446586
59.89559187360205
54.63294448938469
49.361897929178156
44.085196559885915
38.80568363154377
33.526251978678275
28.249792998531195
22.979145679438354
17.717047449601935
12.466088506499283
7.228671080669138
2.006974803751741
-3.1970709852823163
-8.381807521621615
-13.54585936572472
-18.688139833731167
-23.80784959752409
-28.904469166111397
-33.97774611646667
-39.0276780342158
-44.05449215802444
-49.058622705011445
-54.040686798550404
-59.001459835406436
-63.94185102665128
-68.86287973520697
-73.76565311945716
-78.65134548255872
-83.52117962455031
-88.37641040123927
-93.21831061107821
-98.0481592588418
-102.86723218230327
-107.67679497436927
-112.47809808720648
-117.27237396574527
-122.0608360246671
-126.84467925482022
-131.62508222142827
-136.40321019707739
-141.18021915708846
-145.95726035338947
-150.73548517537495
-155.51605000247534
-160.30012075326755
-165.08887683993956
-169.88351424476468
-174.68524744695182
-179.49530994383545
175.685046870023
170.8545566784234
166.01194325797667
161.15592768199824
156.2852378249279
151.3986202320214
146.49485436485128
141.5727691700138
136.63126184547073
131.6693185955957
126.68603707231821
121.68065009674412
116.65255014551198
111.60131397267337
106.52672662659342
101.4288040196246
96.30781312520098
