      0.000000      0.367328  1
      0.000350      0.367328  1
      0.000700      0.367328  1
      0.001051      0.367328  1
      0.001401      0.367328  1
      0.001751      0.367328  1
      0.002101      0.367328  1
      0.002452      0.367328  1
      0.002802      0.367328  1
      0.003152      0.367228  1
      0.003502      0.367228  1
      0.003853      0.367228  1
      0.004203      0.367228  1
      0.004553      0.367228  1
      0.004903      0.367228  1
      0.005254      0.367228  1
      0.005604      0.367228  1
      0.005954      0.367228  1
      0.006304      0.367228  1
      0.006655      0.367228  1
      0.007005      0.367228  1
      0.007355      0.367228  1
      0.007705      0.367228  1
      0.008055      0.367128  1
      0.008406      0.367128  1
      0.008756      0.367128  1
      0.009106      0.367128  1
      0.009456      0.367128  1
      0.009807      0.367128  1
      0.010157      0.367128  1
      0.010507      0.367128  1
      0.010857      0.367128  1
      0.011208      0.367028  1
      0.011558      0.367028  1
      0.011908      0.367028  1
      0.012258      0.367028  1
      0.012609      0.367028  1
      0.012959      0.367028  1
      0.013309      0.367028  1
      0.013659      0.367028  1
      0.014010      0.367028  1
      0.014360      0.366928  1
      0.014710      0.366928  1
      0.015060      0.366928  1
      0.015410      0.366928  1
      0.015761      0.366928  1
      0.016111      0.366928  1
      0.016461      0.366928  1
      0.016811      0.366928  1
      0.017162      0.366928  1
      0.017512      0.366828  1
      0.017862      0.366828  1
      0.018212      0.366828  1
      0.018563      0.366828  1
      0.018913      0.366828  1
      0.019263      0.366828  1
      0.019613      0.366828  1
      0.019964      0.366828  1
      0.020314      0.366828  1
      0.020664      0.366828  1
      0.021014      0.366728  1
      0.021364      0.366728  1
      0.021715      0.366728  1
      0.022065      0.366728  1
      0.022415      0.366728  1
      0.022765      0.366728  1
      0.023116      0.366728  1
      0.023466      0.366728  1
      0.023816      0.366728  1
      0.024166      0.366728  1
      0.024517      0.366728  1
      0.024867      0.366728  1
      0.025217      0.366628  1
      0.025567      0.366628  1
      0.025918      0.366628  1
      0.026268      0.366628  1
      0.026618      0.366628  1
      0.026968      0.366628  1
      0.027319      0.366628  1
      0.027669      0.366628  1
      0.028019      0.366628  1
      0.028369      0.366628  1
      0.028719      0.366628  1
      0.029070      0.366628  1
      0.029420      0.366628  1
      0.029770      0.366628  1
      0.030120      0.366628  1
      0.030471      0.366628  1
      0.030821      0.366628  1
      0.031171      0.366628  1
      0.031521      0.366628  1
      0.031872      0.366628  1
      0.032222      0.366628  1
      0.032572      0.366628  1
      0.032922      0.366628  1
      0.033273      0.366628  1
      0.033623      0.366628  1
      0.033973      0.366628  1
      0.034323      0.366628  1
      0.034674      0.366628  1
      0.035024      0.366528  1
      0.035502      0.366628  1
      0.035980      0.366628  1
      0.036459      0.366828  1
      0.036937      0.366928  1
      0.037415      0.367128  1
      0.037893      0.367428  1
      0.038372      0.367728  1
      0.038850      0.368028  1
      0.039328      0.368428  1
      0.039806      0.368828  1
      0.040285      0.369328  1
      0.040763      0.369828  1
      0.041241      0.370428  1
      0.041720      0.371028  1
      0.042198      0.371728  1
      0.042676      0.372428  1
      0.043154      0.373128  1
      0.043633      0.373928  1
      0.044111      0.374728  1
      0.044589      0.375628  1
      0.045068      0.376528  1
      0.045546      0.377528  1
      0.046024      0.378528  1
      0.046502      0.379528  1
      0.046981      0.380628  1
      0.047459      0.381728  1
      0.047937      0.382928  1
      0.048415      0.384128  1
      0.048894      0.385428  1
      0.049372      0.386628  1
      0.049850      0.388028  1
      0.050329      0.389328  1
      0.050807      0.390728  1
      0.051285      0.392128  1
      0.051763      0.393628  1
      0.052242      0.395128  1
      0.052720      0.396728  1
      0.053198      0.398328  1
      0.053676      0.399928  1
      0.054155      0.401528  1
      0.054633      0.403228  1
      0.055111      0.404928  1
      0.055590      0.406728  1
      0.056068      0.408528  1
      0.056546      0.410328  1
      0.057024      0.412128  1
      0.057503      0.414028  1
      0.057981      0.415928  1
      0.058459      0.417928  1
      0.058937      0.419828  1
      0.059416      0.421828  1
      0.059894      0.423928  1
      0.060372      0.425928  1
      0.060851      0.428028  1
      0.061329      0.430128  1
      0.061807      0.432328  1
      0.062285      0.434428  1
      0.062764      0.436628  1
      0.063242      0.438928  1
      0.063720      0.441128  1
      0.064198      0.443428  1
      0.064677      0.445728  1
      0.065155      0.448028  1
      0.065633      0.450328  1
      0.066112      0.452728  1
      0.066590      0.455128  1
      0.067068      0.457528  1
      0.067546      0.460028  1
      0.068025      0.462428  1
      0.068503      0.464928  1
      0.068981      0.467428  1
      0.069459      0.469928  1
      0.069938      0.472528  1
      0.070416      0.475028  1
      0.070894      0.477628  1
      0.071373      0.480228  1
      0.071851      0.482828  1
      0.072329      0.485528  1
      0.072807      0.488128  1
      0.073286      0.490828  1
      0.073764      0.493528  1
      0.074242      0.496228  1
      0.074721      0.498928  1
      0.075199      0.501728  1
      0.075677      0.504428  1
      0.076155      0.507228  1
      0.076634      0.510028  1
      0.077112      0.512828  1
      0.077590      0.515628  1
      0.078068      0.518428  1
      0.078547      0.521328  1
      0.079025      0.524228  1
      0.079503      0.527028  1
      0.079982      0.529928  1
      0.080460      0.532828  1
      0.080938      0.535728  1
      0.081416      0.538728  1
      0.081895      0.541628  1
      0.082373      0.544628  1
      0.082851      0.547528  1
      0.083329      0.550528  1
      0.083808      0.553528  1
      0.084286      0.556528  1
      0.084764      0.559528  1
      0.085243      0.562528  1
      0.085721      0.565628  1
      0.086199      0.568628  1
      0.086677      0.571628  1
      0.087156      0.574728  1
      0.087634      0.577828  1
      0.088112      0.580928  1
      0.088590      0.584028  1
      0.089069      0.587128  1
      0.089547      0.590228  1
      0.090025      0.593328  1
      0.090504      0.596428  1
      0.090982      0.599528  1
      0.091460      0.602728  1
      0.091938      0.605828  1
      0.092417      0.609028  1
      0.092895      0.612128  1
      0.093373      0.615328  1
      0.093851      0.618528  1
      0.094330      0.621728  1
      0.094808      0.624928  1
      0.095286      0.628128  1
      0.095765      0.631328  1
      0.096243      0.634528  1
      0.096721      0.637728  1
      0.097199      0.640928  1
      0.097678      0.644228  1
      0.098156      0.647428  1
      0.098634      0.650628  1
      0.099112      0.653928  1
      0.099591      0.657128  1
      0.100069      0.660428  1
      0.100547      0.663728  1
      0.101026      0.666928  1
      0.101504      0.670228  1
      0.101982      0.673528  1
      0.102460      0.676728  1
      0.102939      0.680028  1
      0.103417      0.683328  1
      0.103895      0.686628  1
      0.104373      0.689928  1
      0.104852      0.693228  1
      0.105330      0.696528  1
      0.105808      0.699828  1
      0.106287      0.703128  1
      0.106765      0.706528  1
      0.107243      0.709828  1
      0.107721      0.713128  1
      0.108200      0.716428  1
      0.108678      0.719828  1
      0.109156      0.723128  1
      0.109635      0.726428  1
      0.110113      0.729828  1
      0.110591      0.733128  1
      0.111069      0.736428  1
      0.111548      0.739828  1
      0.112026      0.743128  1
      0.112504      0.746528  1
      0.112982      0.749828  1
      0.113461      0.753228  1
      0.113939      0.756528  1
      0.114417      0.759928  1
      0.114896      0.763228  1
      0.115374      0.766628  1
      0.115852      0.770028  1
      0.116330      0.773328  1
      0.116809      0.776728  1
      0.117287      0.780128  1
      0.117765      0.783428  1
      0.118243      0.786828  1
      0.118722      0.790228  1
      0.119200      0.793528  1
      0.119678      0.796928  1
      0.120157      0.800328  1
      0.120635      0.803628  1
      0.121113      0.807028  1
      0.121591      0.810428  1
      0.122070      0.813828  1
      0.122548      0.817128  1
      0.123026      0.820528  1
      0.123504      0.823928  1
      0.123983      0.827328  1
      0.124461      0.830628  1
      0.124939      0.834028  1
      0.125418      0.837428  1
      0.125896      0.840728  1
      0.126374      0.844128  1
      0.126852      0.847528  1
      0.127331      0.850928  1
      0.127809      0.854228  1
      0.128287      0.857628  1
      0.128765      0.861028  1
      0.129244      0.864328  1
      0.129722      0.867728  1
      0.130200      0.871128  1
      0.130679      0.874528  1
      0.131157      0.877828  1
      0.131635      0.881228  1
      0.132113      0.884628  1
      0.132592      0.887928  1
      0.133070      0.891328  1
      0.133548      0.894628  1
      0.134026      0.898028  1
      0.134505      0.901428  1
      0.134983      0.904728  1
      0.135461      0.908128  1
      0.135940      0.911428  1
      0.136418      0.914828  1
      0.136896      0.918128  1
      0.137374      0.921528  1
      0.137853      0.924828  1
      0.138331      0.928228  1
      0.138809      0.931528  1
      0.139288      0.934828  1
      0.139766      0.938228  1
      0.140244      0.941528  1
      0.140722      0.944828  1
      0.141201      0.948228  1
      0.141679      0.951528  1
      0.142157      0.954828  1
      0.142635      0.958128  1
      0.143114      0.961528  1
      0.143592      0.964828  1
      0.144070      0.968128  1
      0.144549      0.971428  1
      0.145027      0.974728  1
      0.145505      0.978028  1
      0.145983      0.981328  1
      0.146462      0.984628  1
      0.146940      0.987928  1
      0.147418      0.991228  1
      0.147896      0.994528  1
      0.148375      0.997828  1
      0.148853      1.001128  1
      0.149331      1.004328  1
      0.149810      1.007628  1
      0.150288      1.010928  1
      0.150766      1.014128  1
      0.151244      1.017428  1
      0.151723      1.020728  1
      0.152201      1.023928  1
      0.152679      1.027228  1
      0.153157      1.030428  1
      0.153636      1.033728  1
      0.154114      1.036928  1
      0.154592      1.040128  1
      0.155071      1.043428  1
      0.155549      1.046628  1
      0.156027      1.049828  1
      0.156505      1.053028  1
      0.156984      1.056228  1
      0.157462      1.059428  1
      0.157940      1.062628  1
      0.158418      1.065828  1
      0.158897      1.069028  1
      0.159375      1.072228  1
      0.159853      1.075428  1
      0.160332      1.078528  1
      0.160810      1.081728  1
      0.161288      1.084828  1
      0.161766      1.088028  1
      0.162245      1.091128  1
      0.162723      1.094328  1
      0.163201      1.097428  1
      0.163679      1.100628  1
      0.164158      1.103728  1
      0.164636      1.106828  1
      0.165114      1.109928  1
      0.165593      1.113028  1
      0.166071      1.116128  1
      0.166549      1.119228  1
      0.167027      1.122328  1
      0.167506      1.125328  1
      0.167984      1.128428  1
      0.168462      1.131528  1
      0.168941      1.134528  1
      0.169419      1.137528  1
      0.169897      1.140628  1
      0.170375      1.143628  1
      0.170854      1.146628  1
      0.171332      1.149628  1
      0.171810      1.152628  1
      0.172288      1.155628  1
      0.172767      1.158628  1
      0.173245      1.161628  1
      0.173723      1.164528  1
      0.174202      1.167528  1
      0.174680      1.170428  1
      0.175158      1.173428  1
      0.175636      1.176328  1
      0.176115      1.179228  1
      0.176593      1.182128  1
      0.177071      1.185028  1
      0.177549      1.187828  1
      0.178028      1.190728  1
      0.178506      1.193628  1
      0.178984      1.196428  1
      0.179463      1.199228  1
      0.179941      1.202028  1
      0.180419      1.204928  1
      0.180897      1.207628  1
      0.181376      1.210428  1
      0.181854      1.213228  1
      0.182332      1.215928  1
      0.182810      1.218728  1
      0.183289      1.221428  1
      0.183767      1.224128  1
      0.184245      1.226828  1
      0.184724      1.229428  1
      0.185202      1.232128  1
      0.185680      1.234728  1
      0.186158      1.237328  1
      0.186637      1.239928  1
      0.187115      1.242528  1
      0.187593      1.245028  1
      0.188071      1.247628  1
      0.188550      1.250128  1
      0.189028      1.252628  1
      0.189506      1.255128  1
      0.189985      1.257528  1
      0.190463      1.260028  1
      0.190941      1.262428  1
      0.191419      1.264728  1
      0.191898      1.267128  1
      0.192376      1.269428  1
      0.192854      1.271728  1
      0.193332      1.274028  1
      0.193811      1.276228  1
      0.194289      1.278528  1
      0.194767      1.280728  1
      0.195246      1.282828  1
      0.195724      1.284928  1
      0.196202      1.287028  1
      0.196680      1.289128  1
      0.197159      1.291128  1
      0.197637      1.293128  1
      0.198115      1.295128  1
      0.198593      1.297028  1
      0.199072      1.298928  1
      0.199550      1.300728  1
      0.200028      1.302628  1
      0.200507      1.304328  1
      0.200985      1.306128  1
      0.201463      1.307828  1
      0.201941      1.309428  1
      0.202420      1.311028  1
      0.202898      1.312628  1
      0.203376      1.314128  1
      0.203855      1.315628  1
      0.204333      1.317028  1
      0.204811      1.318428  1
      0.205289      1.319828  1
      0.205768      1.321128  1
      0.206246      1.322428  1
      0.206724      1.323628  1
      0.207202      1.324828  1
      0.207681      1.325928  1
      0.208159      1.327028  1
      0.208637      1.328128  1
      0.209116      1.329128  1
      0.209594      1.330028  1
      0.210072      1.330928  1
      0.210550      1.331828  1
      0.211029      1.332728  1
      0.211507      1.333528  1
      0.211985      1.334228  1
      0.212463      1.334928  1
      0.212942      1.335628  1
      0.213420      1.336328  1
      0.213898      1.336928  1
      0.214377      1.337528  1
      0.214855      1.338028  1
      0.215333      1.338528  1
      0.215811      1.339028  1
      0.216290      1.339528  1
      0.216768      1.339928  1
      0.217246      1.340328  1
      0.217724      1.340728  1
      0.218203      1.341028  1
      0.218681      1.341328  1
      0.219159      1.341628  1
      0.219638      1.341928  1
      0.220116      1.342228  1
      0.220594      1.342428  1
      0.221072      1.342628  1
      0.221551      1.342828  1
      0.222029      1.343028  1
      0.222507      1.343128  1
      0.222985      1.343328  1
      0.223464      1.343428  1
      0.223942      1.343528  1
      0.224420      1.343528  1
      0.224899      1.343628  1
      0.225377      1.343728  1
      0.225855      1.343728  1
      0.226333      1.343728  1
