      0.000000     -0.367872  1
      0.000350     -0.367872  1
      0.000700     -0.367872  1
      0.001051     -0.367872  1
      0.001401     -0.367872  1
      0.001751     -0.367872  1
      0.002101     -0.367872  1
      0.002452     -0.367872  1
      0.002802     -0.367872  1
      0.003152     -0.367872  1
      0.003502     -0.367872  1
      0.003853     -0.367972  1
      0.004203     -0.367972  1
      0.004553     -0.367972  1
      0.004903     -0.367972  1
      0.005254     -0.367972  1
      0.005604     -0.367972  1
      0.005954     -0.367972  1
      0.006304     -0.367972  1
      0.006655     -0.367972  1
      0.007005     -0.367972  1
      0.007355     -0.367972  1
      0.007705     -0.367972  1
      0.008055     -0.367972  1
      0.008406     -0.367972  1
      0.008756     -0.367972  1
      0.009106     -0.368072  1
      0.009456     -0.368072  1
      0.009807     -0.368072  1
      0.010157     -0.368072  1
      0.010507     -0.368072  1
      0.010857     -0.368072  1
      0.011208     -0.368072  1
      0.011558     -0.368072  1
      0.011908     -0.368072  1
      0.012258     -0.368072  1
      0.012609     -0.368072  1
      0.012959     -0.368072  1
      0.013309     -0.368172  1
      0.013659     -0.368172  1
      0.014010     -0.368172  1
      0.014360     -0.368172  1
      0.014710     -0.368172  1
      0.015060     -0.368172  1
      0.015410     -0.368172  1
      0.015761     -0.368172  1
      0.016111     -0.368172  1
      0.016461     -0.368172  1
      0.016811     -0.368172  1
      0.017162     -0.368272  1
      0.017512     -0.368272  1
      0.017862     -0.368272  1
      0.018212     -0.368272  1
      0.018563     -0.368272  1
      0.018913     -0.368272  1
      0.019263     -0.368272  1
      0.019613     -0.368272  1
      0.019964     -0.368272  1
      0.020314     -0.368272  1
      0.020664     -0.368272  1
      0.021014     -0.368272  1
      0.021364     -0.368372  1
      0.021715     -0.368372  1
      0.022065     -0.368372  1
      0.022415     -0.368372  1
      0.022765     -0.368372  1
      0.023116     -0.368372  1
      0.023466     -0.368372  1
      0.023816     -0.368372  1
      0.024166     -0.368372  1
      0.024517     -0.368372  1
      0.024867     -0.368372  1
      0.025217     -0.368372  1
      0.025567     -0.368372  1
      0.025918     -0.368372  1
      0.026268     -0.368372  1
      0.026618     -0.368372  1
      0.026968     -0.368372  1
      0.027319     -0.368472  1
      0.027669     -0.368472  1
      0.028019     -0.368472  1
      0.028369     -0.368472  1
      0.028719     -0.368472  1
      0.029070     -0.368472  1
      0.029420     -0.368472  1
      0.029770     -0.368472  1
      0.030120     -0.368472  1
      0.030471     -0.368472  1
      0.030821     -0.368472  1
      0.031171     -0.368472  1
      0.031521     -0.368472  1
      0.031872     -0.368472  1
      0.032222     -0.368472  1
      0.032572     -0.368472  1
      0.032922     -0.368472  1
      0.033273     -0.368472  1
      0.033623     -0.368472  1
      0.033973     -0.368472  1
      0.034323     -0.368472  1
      0.034674     -0.368472  1
      0.035024     -0.368472  1
      0.035502     -0.368472  1
      0.035980     -0.368572  1
      0.036459     -0.368672  1
      0.036937     -0.368872  1
      0.037415     -0.369072  1
      0.037893     -0.369372  1
      0.038372     -0.369672  1
      0.038850     -0.369972  1
      0.039328     -0.370372  1
      0.039806     -0.370872  1
      0.040285     -0.371372  1
      0.040763     -0.371872  1
      0.041241     -0.372472  1
      0.041720     -0.373072  1
      0.042198     -0.373772  1
      0.042676     -0.374472  1
      0.043154     -0.375272  1
      0.043633     -0.376072  1
      0.044111     -0.376872  1
      0.044589     -0.377772  1
      0.045068     -0.378772  1
      0.045546     -0.379772  1
      0.046024     -0.380772  1
      0.046502     -0.381872  1
      0.046981     -0.382972  1
      0.047459     -0.384172  1
      0.047937     -0.385372  1
      0.048415     -0.386572  1
      0.048894     -0.387872  1
      0.049372     -0.389172  1
      0.049850     -0.390572  1
      0.050329     -0.391972  1
      0.050807     -0.393372  1
      0.051285     -0.394872  1
      0.051763     -0.396372  1
      0.052242     -0.397972  1
      0.052720     -0.399572  1
      0.053198     -0.401172  1
      0.053676     -0.402872  1
      0.054155     -0.404572  1
      0.054633     -0.406272  1
      0.055111     -0.408072  1
      0.055590     -0.409872  1
      0.056068     -0.411772  1
      0.056546     -0.413572  1
      0.057024     -0.415572  1
      0.057503     -0.417472  1
      0.057981     -0.419472  1
      0.058459     -0.421472  1
      0.058937     -0.423472  1
      0.059416     -0.425572  1
      0.059894     -0.427672  1
      0.060372     -0.429872  1
      0.060851     -0.431972  1
      0.061329     -0.434172  1
      0.061807     -0.436372  1
      0.062285     -0.438672  1
      0.062764     -0.440972  1
      0.063242     -0.443272  1
      0.063720     -0.445572  1
      0.064198     -0.447972  1
      0.064677     -0.450272  1
      0.065155     -0.452772  1
      0.065633     -0.455172  1
      0.066112     -0.457672  1
      0.066590     -0.460072  1
      0.067068     -0.462672  1
      0.067546     -0.465172  1
      0.068025     -0.467672  1
      0.068503     -0.470272  1
      0.068981     -0.472872  1
      0.069459     -0.475572  1
      0.069938     -0.478172  1
      0.070416     -0.480872  1
      0.070894     -0.483572  1
      0.071373     -0.486272  1
      0.071851     -0.488972  1
      0.072329     -0.491672  1
      0.072807     -0.494472  1
      0.073286     -0.497272  1
      0.073764     -0.500072  1
      0.074242     -0.502872  1
      0.074721     -0.505772  1
      0.075199     -0.508672  1
      0.075677     -0.511472  1
      0.076155     -0.514372  1
      0.076634     -0.517272  1
      0.077112     -0.520272  1
      0.077590     -0.523172  1
      0.078068     -0.526172  1
      0.078547     -0.529172  1
      0.079025     -0.532172  1
      0.079503     -0.535172  1
      0.079982     -0.538172  1
      0.080460     -0.541172  1
      0.080938     -0.544272  1
      0.081416     -0.547372  1
      0.081895     -0.550472  1
      0.082373     -0.553572  1
      0.082851     -0.556672  1
      0.083329     -0.559772  1
      0.083808     -0.562872  1
      0.084286     -0.566072  1
      0.084764     -0.569172  1
      0.085243     -0.572372  1
      0.085721     -0.575572  1
      0.086199     -0.578772  1
      0.086677     -0.581972  1
      0.087156     -0.585172  1
      0.087634     -0.588472  1
      0.088112     -0.591672  1
      0.088590     -0.594972  1
      0.089069     -0.598172  1
      0.089547     -0.601472  1
      0.090025     -0.604772  1
      0.090504     -0.608072  1
      0.090982     -0.611372  1
      0.091460     -0.614672  1
      0.091938     -0.617972  1
      0.092417     -0.621372  1
      0.092895     -0.624672  1
      0.093373     -0.627972  1
      0.093851     -0.631372  1
      0.094330     -0.634772  1
      0.094808     -0.638172  1
      0.095286     -0.641472  1
      0.095765     -0.644872  1
      0.096243     -0.648272  1
      0.096721     -0.651672  1
      0.097199     -0.655172  1
      0.097678     -0.658572  1
      0.098156     -0.661972  1
      0.098634     -0.665472  1
      0.099112     -0.668872  1
      0.099591     -0.672272  1
      0.100069     -0.675772  1
      0.100547     -0.679272  1
      0.101026     -0.682672  1
      0.101504     -0.686172  1
      0.101982     -0.689672  1
      0.102460     -0.693172  1
      0.102939     -0.696672  1
      0.103417     -0.700172  1
      0.103895     -0.703672  1
      0.104373     -0.707172  1
      0.104852     -0.710672  1
      0.105330     -0.714272  1
      0.105808     -0.717772  1
      0.106287     -0.721272  1
      0.106765     -0.724872  1
      0.107243     -0.728372  1
      0.107721     -0.731972  1
      0.108200     -0.735472  1
      0.108678     -0.739072  1
      0.109156     -0.742572  1
      0.109635     -0.746172  1
      0.110113     -0.749772  1
      0.110591     -0.753372  1
      0.111069     -0.756872  1
      0.111548     -0.760472  1
      0.112026     -0.764072  1
      0.112504     -0.767672  1
      0.112982     -0.771272  1
      0.113461     -0.774872  1
      0.113939     -0.778472  1
      0.114417     -0.782072  1
      0.114896     -0.785672  1
      0.115374     -0.789272  1
      0.115852     -0.792872  1
      0.116330     -0.796572  1
      0.116809     -0.800172  1
      0.117287     -0.803772  1
      0.117765     -0.807372  1
      0.118243     -0.811072  1
      0.118722     -0.814672  1
      0.119200     -0.818272  1
      0.119678     -0.821972  1
      0.120157     -0.825572  1
      0.120635     -0.829272  1
      0.121113     -0.832872  1
      0.121591     -0.836572  1
      0.122070     -0.840172  1
      0.122548     -0.843872  1
      0.123026     -0.847472  1
      0.123504     -0.851172  1
      0.123983     -0.854772  1
      0.124461     -0.858472  1
      0.124939     -0.862072  1
      0.125418     -0.865772  1
      0.125896     -0.869472  1
      0.126374     -0.873072  1
      0.126852     -0.876772  1
      0.127331     -0.880472  1
      0.127809     -0.884072  1
      0.128287     -0.887772  1
      0.128765     -0.891472  1
      0.129244     -0.895172  1
      0.129722     -0.898772  1
      0.130200     -0.902472  1
      0.130679     -0.906172  1
      0.131157     -0.909872  1
      0.131635     -0.913472  1
      0.132113     -0.917172  1
      0.132592     -0.920872  1
      0.133070     -0.924572  1
      0.133548     -0.928272  1
      0.134026     -0.931872  1
      0.134505     -0.935572  1
      0.134983     -0.939272  1
      0.135461     -0.942972  1
      0.135940     -0.946672  1
      0.136418     -0.950272  1
      0.136896     -0.953972  1
      0.137374     -0.957672  1
      0.137853     -0.961372  1
      0.138331     -0.965072  1
      0.138809     -0.968772  1
      0.139288     -0.972372  1
      0.139766     -0.976072  1
      0.140244     -0.979772  1
      0.140722     -0.983472  1
      0.141201     -0.987172  1
      0.141679     -0.990772  1
      0.142157     -0.994472  1
      0.142635     -0.998172  1
      0.143114     -1.001872  1
      0.143592     -1.005472  1
      0.144070     -1.009172  1
      0.144549     -1.012872  1
      0.145027     -1.016572  1
      0.145505     -1.020172  1
      0.145983     -1.023872  1
      0.146462     -1.027572  1
      0.146940     -1.031172  1
      0.147418     -1.034872  1
      0.147896     -1.038572  1
      0.148375     -1.042172  1
      0.148853     -1.045872  1
      0.149331     -1.049572  1
      0.149810     -1.053172  1
      0.150288     -1.056872  1
      0.150766     -1.060472  1
      0.151244     -1.064172  1
      0.151723     -1.067772  1
      0.152201     -1.071472  1
      0.152679     -1.075072  1
      0.153157     -1.078772  1
      0.153636     -1.082372  1
      0.154114     -1.086072  1
      0.154592     -1.089672  1
      0.155071     -1.093272  1
      0.155549     -1.096972  1
      0.156027     -1.100572  1
      0.156505     -1.104172  1
      0.156984     -1.107872  1
      0.157462     -1.111472  1
      0.157940     -1.115072  1
      0.158418     -1.118672  1
      0.158897     -1.122272  1
      0.159375     -1.125872  1
      0.159853     -1.129472  1
      0.160332     -1.133072  1
      0.160810     -1.136672  1
      0.161288     -1.140272  1
      0.161766     -1.143872  1
      0.162245     -1.147472  1
      0.162723     -1.151072  1
      0.163201     -1.154672  1
      0.163679     -1.158272  1
      0.164158     -1.161772  1
      0.164636     -1.165372  1
      0.165114     -1.168972  1
      0.165593     -1.172472  1
      0.166071     -1.176072  1
      0.166549     -1.179572  1
      0.167027     -1.183172  1
      0.167506     -1.186672  1
      0.167984     -1.190272  1
      0.168462     -1.193772  1
      0.168941     -1.197272  1
      0.169419     -1.200872  1
      0.169897     -1.204372  1
      0.170375     -1.207872  1
      0.170854     -1.211372  1
      0.171332     -1.214872  1
      0.171810     -1.218372  1
      0.172288     -1.221872  1
      0.172767     -1.225272  1
      0.173245     -1.228772  1
      0.173723     -1.232272  1
      0.174202     -1.235672  1
      0.174680     -1.239172  1
      0.175158     -1.242572  1
      0.175636     -1.246072  1
      0.176115     -1.249472  1
      0.176593     -1.252872  1
      0.177071     -1.256372  1
      0.177549     -1.259772  1
      0.178028     -1.263172  1
      0.178506     -1.266472  1
      0.178984     -1.269872  1
      0.179463     -1.273272  1
      0.179941     -1.276672  1
      0.180419     -1.279972  1
      0.180897     -1.283372  1
      0.181376     -1.286672  1
      0.181854     -1.289972  1
      0.182332     -1.293272  1
      0.182810     -1.296572  1
      0.183289     -1.299872  1
      0.183767     -1.303172  1
      0.184245     -1.306372  1
      0.184724     -1.309672  1
      0.185202     -1.312872  1
      0.185680     -1.316072  1
      0.186158     -1.319372  1
      0.186637     -1.322472  1
      0.187115     -1.325672  1
      0.187593     -1.328872  1
      0.188071     -1.331972  1
      0.188550     -1.335172  1
      0.189028     -1.338272  1
      0.189506     -1.341372  1
      0.189985     -1.344472  1
      0.190463     -1.347472  1
      0.190941     -1.350472  1
      0.191419     -1.353572  1
      0.191898     -1.356572  1
      0.192376     -1.359472  1
      0.192854     -1.362472  1
      0.193332     -1.365372  1
      0.193811     -1.368272  1
      0.194289     -1.371172  1
      0.194767     -1.373972  1
      0.195246     -1.376872  1
      0.195724     -1.379572  1
      0.196202     -1.382372  1
      0.196680     -1.385072  1
      0.197159     -1.387772  1
      0.197637     -1.390472  1
      0.198115     -1.393072  1
      0.198593     -1.395672  1
      0.199072     -1.398272  1
      0.199550     -1.400772  1
      0.200028     -1.403272  1
      0.200507     -1.405672  1
      0.200985     -1.408072  1
      0.201463     -1.410472  1
      0.201941     -1.412772  1
      0.202420     -1.415072  1
      0.202898     -1.417272  1
      0.203376     -1.419372  1
      0.203855     -1.421472  1
      0.204333     -1.423572  1
      0.204811     -1.425572  1
      0.205289     -1.427572  1
      0.205768     -1.429472  1
      0.206246     -1.431372  1
      0.206724     -1.433172  1
      0.207202     -1.434872  1
      0.207681     -1.436572  1
      0.208159     -1.438172  1
      0.208637     -1.439772  1
      0.209116     -1.441272  1
      0.209594     -1.442772  1
      0.210072     -1.444172  1
      0.210550     -1.445472  1
      0.211029     -1.446772  1
      0.211507     -1.448072  1
      0.211985     -1.449272  1
      0.212463     -1.450372  1
      0.212942     -1.451472  1
      0.213420     -1.452572  1
      0.213898     -1.453572  1
      0.214377     -1.454472  1
      0.214855     -1.455472  1
      0.215333     -1.456372  1
      0.215811     -1.457172  1
      0.216290     -1.457972  1
      0.216768     -1.458772  1
      0.217246     -1.459572  1
      0.217724     -1.460272  1
      0.218203     -1.460872  1
      0.218681     -1.461572  1
      0.219159     -1.462072  1
      0.219638     -1.462672  1
      0.220116     -1.463172  1
      0.220594     -1.463572  1
      0.221072     -1.463972  1
      0.221551     -1.464372  1
      0.222029     -1.464772  1
      0.222507     -1.465072  1
      0.222985     -1.465272  1
      0.223464     -1.465572  1
      0.223942     -1.465772  1
      0.224420     -1.465872  1
      0.224899     -1.466072  1
      0.225377     -1.466072  1
      0.225855     -1.466172  1
      0.226333     -1.466172  1
