      0.000000     -0.368053  1
      0.000350     -0.368053  1
      0.000700     -0.368053  1
      0.001051     -0.368053  1
      0.001401     -0.368053  1
      0.001751     -0.368053  1
      0.002101     -0.368053  1
      0.002452     -0.368053  1
      0.002802     -0.368053  1
      0.003152     -0.368053  1
      0.003502     -0.368053  1
      0.003853     -0.368053  1
      0.004203     -0.368053  1
      0.004553     -0.368053  1
      0.004903     -0.368053  1
      0.005254     -0.368053  1
      0.005604     -0.368153  1
      0.005954     -0.368153  1
      0.006304     -0.368153  1
      0.006655     -0.368153  1
      0.007005     -0.368153  1
      0.007355     -0.368153  1
      0.007705     -0.368153  1
      0.008055     -0.368153  1
      0.008406     -0.368253  1
      0.008756     -0.368253  1
      0.009106     -0.368253  1
      0.009456     -0.368253  1
      0.009807     -0.368253  1
      0.010157     -0.368253  1
      0.010507     -0.368253  1
      0.010857     -0.368253  1
      0.011208     -0.368353  1
      0.011558     -0.368353  1
      0.011908     -0.368353  1
      0.012258     -0.368353  1
      0.012609     -0.368353  1
      0.012959     -0.368353  1
      0.013309     -0.368353  1
      0.013659     -0.368453  1
      0.014010     -0.368453  1
      0.014360     -0.368453  1
      0.014710     -0.368453  1
      0.015060     -0.368453  1
      0.015410     -0.368453  1
      0.015761     -0.368453  1
      0.016111     -0.368553  1
      0.016461     -0.368553  1
      0.016811     -0.368553  1
      0.017162     -0.368553  1
      0.017512     -0.368553  1
      0.017862     -0.368553  1
      0.018212     -0.368553  1
      0.018563     -0.368553  1
      0.018913     -0.368653  1
      0.019263     -0.368653  1
      0.019613     -0.368653  1
      0.019964     -0.368653  1
      0.020314     -0.368653  1
      0.020664     -0.368653  1
      0.021014     -0.368653  1
      0.021364     -0.368653  1
      0.021715     -0.368753  1
      0.022065     -0.368753  1
      0.022415     -0.368753  1
      0.022765     -0.368753  1
      0.023116     -0.368753  1
      0.023466     -0.368753  1
      0.023816     -0.368753  1
      0.024166     -0.368753  1
      0.024517     -0.368753  1
      0.024867     -0.368753  1
      0.025217     -0.368753  1
      0.025567     -0.368853  1
      0.025918     -0.368853  1
      0.026268     -0.368853  1
      0.026618     -0.368853  1
      0.026968     -0.368853  1
      0.027319     -0.368853  1
      0.027669     -0.368853  1
      0.028019     -0.368853  1
      0.028369     -0.368853  1
      0.028719     -0.368853  1
      0.029070     -0.368853  1
      0.029420     -0.368853  1
      0.029770     -0.368853  1
      0.030120     -0.368853  1
      0.030471     -0.368853  1
      0.030821     -0.368853  1
      0.031171     -0.368853  1
      0.031521     -0.368953  1
      0.031872     -0.368953  1
      0.032222     -0.368953  1
      0.032572     -0.368953  1
      0.032922     -0.368953  1
      0.033273     -0.368953  1
      0.033623     -0.368953  1
      0.033973     -0.368953  1
      0.034323     -0.368953  1
      0.034674     -0.368953  1
      0.035024     -0.368953  1
      0.035502     -0.368953  1
      0.035980     -0.369053  1
      0.036459     -0.369153  1
      0.036937     -0.369253  1
      0.037415     -0.369553  1
      0.037893     -0.369753  1
      0.038372     -0.370053  1
      0.038850     -0.370453  1
      0.039328     -0.370853  1
      0.039806     -0.371253  1
      0.040285     -0.371753  1
      0.040763     -0.372353  1
      0.041241     -0.372853  1
      0.041720     -0.373553  1
      0.042198     -0.374253  1
      0.042676     -0.374953  1
      0.043154     -0.375653  1
      0.043633     -0.376553  1
      0.044111     -0.377353  1
      0.044589     -0.378253  1
      0.045068     -0.379253  1
      0.045546     -0.380253  1
      0.046024     -0.381253  1
      0.046502     -0.382353  1
      0.046981     -0.383453  1
      0.047459     -0.384553  1
      0.047937     -0.385753  1
      0.048415     -0.387053  1
      0.048894     -0.388353  1
      0.049372     -0.389653  1
      0.049850     -0.391053  1
      0.050329     -0.392453  1
      0.050807     -0.393853  1
      0.051285     -0.395353  1
      0.051763     -0.396853  1
      0.052242     -0.398453  1
      0.052720     -0.400053  1
      0.053198     -0.401653  1
      0.053676     -0.403353  1
      0.054155     -0.405053  1
      0.054633     -0.406753  1
      0.055111     -0.408553  1
      0.055590     -0.410353  1
      0.056068     -0.412253  1
      0.056546     -0.414053  1
      0.057024     -0.416053  1
      0.057503     -0.417953  1
      0.057981     -0.419953  1
      0.058459     -0.421953  1
      0.058937     -0.423953  1
      0.059416     -0.426053  1
      0.059894     -0.428153  1
      0.060372     -0.430253  1
      0.060851     -0.432453  1
      0.061329     -0.434653  1
      0.061807     -0.436853  1
      0.062285     -0.439153  1
      0.062764     -0.441453  1
      0.063242     -0.443753  1
      0.063720     -0.446053  1
      0.064198     -0.448453  1
      0.064677     -0.450853  1
      0.065155     -0.453253  1
      0.065633     -0.455653  1
      0.066112     -0.458153  1
      0.066590     -0.460653  1
      0.067068     -0.463153  1
      0.067546     -0.465653  1
      0.068025     -0.468253  1
      0.068503     -0.470753  1
      0.068981     -0.473453  1
      0.069459     -0.476053  1
      0.069938     -0.478653  1
      0.070416     -0.481353  1
      0.070894     -0.484053  1
      0.071373     -0.486753  1
      0.071851     -0.489453  1
      0.072329     -0.492253  1
      0.072807     -0.495053  1
      0.073286     -0.497853  1
      0.073764     -0.500653  1
      0.074242     -0.503453  1
      0.074721     -0.506253  1
      0.075199     -0.509153  1
      0.075677     -0.512053  1
      0.076155     -0.514953  1
      0.076634     -0.517853  1
      0.077112     -0.520753  1
      0.077590     -0.523753  1
      0.078068     -0.526753  1
      0.078547     -0.529653  1
      0.079025     -0.532653  1
      0.079503     -0.535753  1
      0.079982     -0.538753  1
      0.080460     -0.541753  1
      0.080938     -0.544853  1
      0.081416     -0.547953  1
      0.081895     -0.550953  1
      0.082373     -0.554053  1
      0.082851     -0.557253  1
      0.083329     -0.560353  1
      0.083808     -0.563453  1
      0.084286     -0.566653  1
      0.084764     -0.569753  1
      0.085243     -0.572953  1
      0.085721     -0.576153  1
      0.086199     -0.579353  1
      0.086677     -0.582553  1
      0.087156     -0.585753  1
      0.087634     -0.589053  1
      0.088112     -0.592253  1
      0.088590     -0.595553  1
      0.089069     -0.598753  1
      0.089547     -0.602053  1
      0.090025     -0.605353  1
      0.090504     -0.608653  1
      0.090982     -0.611953  1
      0.091460     -0.615253  1
      0.091938     -0.618653  1
      0.092417     -0.621953  1
      0.092895     -0.625253  1
      0.093373     -0.628653  1
      0.093851     -0.632053  1
      0.094330     -0.635353  1
      0.094808     -0.638753  1
      0.095286     -0.642153  1
      0.095765     -0.645553  1
      0.096243     -0.648953  1
      0.096721     -0.652353  1
      0.097199     -0.655753  1
      0.097678     -0.659253  1
      0.098156     -0.662653  1
      0.098634     -0.666053  1
      0.099112     -0.669553  1
      0.099591     -0.672953  1
      0.100069     -0.676453  1
      0.100547     -0.679953  1
      0.101026     -0.683353  1
      0.101504     -0.686853  1
      0.101982     -0.690353  1
      0.102460     -0.693853  1
      0.102939     -0.697353  1
      0.103417     -0.700853  1
      0.103895     -0.704353  1
      0.104373     -0.707853  1
      0.104852     -0.711453  1
      0.105330     -0.714953  1
      0.105808     -0.718453  1
      0.106287     -0.722053  1
      0.106765     -0.725553  1
      0.107243     -0.729153  1
      0.107721     -0.732653  1
      0.108200     -0.736253  1
      0.108678     -0.739753  1
      0.109156     -0.743353  1
      0.109635     -0.746953  1
      0.110113     -0.750453  1
      0.110591     -0.754053  1
      0.111069     -0.757653  1
      0.111548     -0.761253  1
      0.112026     -0.764853  1
      0.112504     -0.768453  1
      0.112982     -0.772053  1
      0.113461     -0.775653  1
      0.113939     -0.779253  1
      0.114417     -0.782853  1
      0.114896     -0.786453  1
      0.115374     -0.790053  1
      0.115852     -0.793653  1
      0.116330     -0.797353  1
      0.116809     -0.800953  1
      0.117287     -0.804553  1
      0.117765     -0.808253  1
      0.118243     -0.811853  1
      0.118722     -0.815453  1
      0.119200     -0.819153  1
      0.119678     -0.822753  1
      0.120157     -0.826453  1
      0.120635     -0.830053  1
      0.121113     -0.833753  1
      0.121591     -0.837353  1
      0.122070     -0.841053  1
      0.122548     -0.844653  1
      0.123026     -0.848353  1
      0.123504     -0.851953  1
      0.123983     -0.855653  1
      0.124461     -0.859353  1
      0.124939     -0.862953  1
      0.125418     -0.866653  1
      0.125896     -0.870353  1
      0.126374     -0.873953  1
      0.126852     -0.877653  1
      0.127331     -0.881353  1
      0.127809     -0.884953  1
      0.128287     -0.888653  1
      0.128765     -0.892353  1
      0.129244     -0.896053  1
      0.129722     -0.899753  1
      0.130200     -0.903353  1
      0.130679     -0.907053  1
      0.131157     -0.910753  1
      0.131635     -0.914453  1
      0.132113     -0.918153  1
      0.132592     -0.921753  1
      0.133070     -0.925453  1
      0.133548     -0.929153  1
      0.134026     -0.932853  1
      0.134505     -0.936553  1
      0.134983     -0.940253  1
      0.135461     -0.943953  1
      0.135940     -0.947553  1
      0.136418     -0.951253  1
      0.136896     -0.954953  1
      0.137374     -0.958653  1
      0.137853     -0.962353  1
      0.138331     -0.966053  1
      0.138809     -0.969753  1
      0.139288     -0.973353  1
      0.139766     -0.977053  1
      0.140244     -0.980753  1
      0.140722     -0.984453  1
      0.141201     -0.988153  1
      0.141679     -0.991853  1
      0.142157     -0.995453  1
      0.142635     -0.999153  1
      0.143114     -1.002853  1
      0.143592     -1.006553  1
      0.144070     -1.010253  1
      0.144549     -1.013853  1
      0.145027     -1.017553  1
      0.145505     -1.021253  1
      0.145983     -1.024953  1
      0.146462     -1.028553  1
      0.146940     -1.032253  1
      0.147418     -1.035953  1
      0.147896     -1.039653  1
      0.148375     -1.043253  1
      0.148853     -1.046953  1
      0.149331     -1.050653  1
      0.149810     -1.054253  1
      0.150288     -1.057953  1
      0.150766     -1.061553  1
      0.151244     -1.065253  1
      0.151723     -1.068853  1
      0.152201     -1.072553  1
      0.152679     -1.076253  1
      0.153157     -1.079853  1
      0.153636     -1.083453  1
      0.154114     -1.087153  1
      0.154592     -1.090753  1
      0.155071     -1.094453  1
      0.155549     -1.098053  1
      0.156027     -1.101653  1
      0.156505     -1.105353  1
      0.156984     -1.108953  1
      0.157462     -1.112553  1
      0.157940     -1.116253  1
      0.158418     -1.119853  1
      0.158897     -1.123453  1
      0.159375     -1.127053  1
      0.159853     -1.130653  1
      0.160332     -1.134253  1
      0.160810     -1.137853  1
      0.161288     -1.141453  1
      0.161766     -1.145053  1
      0.162245     -1.148653  1
      0.162723     -1.152253  1
      0.163201     -1.155853  1
      0.163679     -1.159453  1
      0.164158     -1.162953  1
      0.164636     -1.166553  1
      0.165114     -1.170153  1
      0.165593     -1.173653  1
      0.166071     -1.177253  1
      0.166549     -1.180753  1
      0.167027     -1.184353  1
      0.167506     -1.187853  1
      0.167984     -1.191453  1
      0.168462     -1.194953  1
      0.168941     -1.198453  1
      0.169419     -1.202053  1
      0.169897     -1.205553  1
      0.170375     -1.209053  1
      0.170854     -1.212553  1
      0.171332     -1.216053  1
      0.171810     -1.219553  1
      0.172288     -1.223053  1
      0.172767     -1.226453  1
      0.173245     -1.229953  1
      0.173723     -1.233453  1
      0.174202     -1.236853  1
      0.174680     -1.240353  1
      0.175158     -1.243753  1
      0.175636     -1.247153  1
      0.176115     -1.250653  1
      0.176593     -1.254053  1
      0.177071     -1.257453  1
      0.177549     -1.260853  1
      0.178028     -1.264253  1
      0.178506     -1.267653  1
      0.178984     -1.270953  1
      0.179463     -1.274353  1
      0.179941     -1.277653  1
      0.180419     -1.281053  1
      0.180897     -1.284353  1
      0.181376     -1.287653  1
      0.181854     -1.290953  1
      0.182332     -1.294253  1
      0.182810     -1.297553  1
      0.183289     -1.300853  1
      0.183767     -1.304053  1
      0.184245     -1.307353  1
      0.184724     -1.310553  1
      0.185202     -1.313753  1
      0.185680     -1.316953  1
      0.186158     -1.320153  1
      0.186637     -1.323353  1
      0.187115     -1.326453  1
      0.187593     -1.329553  1
      0.188071     -1.332753  1
      0.188550     -1.335853  1
      0.189028     -1.338853  1
      0.189506     -1.341953  1
      0.189985     -1.344953  1
      0.190463     -1.347953  1
      0.190941     -1.350953  1
      0.191419     -1.353953  1
      0.191898     -1.356953  1
      0.192376     -1.359853  1
      0.192854     -1.362753  1
      0.193332     -1.365653  1
      0.193811     -1.368453  1
      0.194289     -1.371253  1
      0.194767     -1.374053  1
      0.195246     -1.376753  1
      0.195724     -1.379553  1
      0.196202     -1.382253  1
      0.196680     -1.384853  1
      0.197159     -1.387453  1
      0.197637     -1.390053  1
      0.198115     -1.392653  1
      0.198593     -1.395153  1
      0.199072     -1.397553  1
      0.199550     -1.400053  1
      0.200028     -1.402353  1
      0.200507     -1.404753  1
      0.200985     -1.407053  1
      0.201463     -1.409253  1
      0.201941     -1.411453  1
      0.202420     -1.413653  1
      0.202898     -1.415753  1
      0.203376     -1.417753  1
      0.203855     -1.419753  1
      0.204333     -1.421653  1
      0.204811     -1.423553  1
      0.205289     -1.425453  1
      0.205768     -1.427253  1
      0.206246     -1.428953  1
      0.206724     -1.430653  1
      0.207202     -1.432253  1
      0.207681     -1.433753  1
      0.208159     -1.435353  1
      0.208637     -1.436753  1
      0.209116     -1.438153  1
      0.209594     -1.439553  1
      0.210072     -1.440753  1
      0.210550     -1.442053  1
      0.211029     -1.443253  1
      0.211507     -1.444353  1
      0.211985     -1.445453  1
      0.212463     -1.446453  1
      0.212942     -1.447453  1
      0.213420     -1.448453  1
      0.213898     -1.449353  1
      0.214377     -1.450153  1
      0.214855     -1.450953  1
      0.215333     -1.451853  1
      0.215811     -1.452653  1
      0.216290     -1.453453  1
      0.216768     -1.454253  1
      0.217246     -1.455053  1
      0.217724     -1.455753  1
      0.218203     -1.456453  1
      0.218681     -1.457053  1
      0.219159     -1.457653  1
      0.219638     -1.458153  1
      0.220116     -1.458653  1
      0.220594     -1.459153  1
      0.221072     -1.459553  1
      0.221551     -1.459953  1
      0.222029     -1.460353  1
      0.222507     -1.460653  1
      0.222985     -1.460853  1
      0.223464     -1.461153  1
      0.223942     -1.461353  1
      0.224420     -1.461453  1
      0.224899     -1.461653  1
      0.225377     -1.461753  1
      0.225855     -1.461753  1
      0.226333     -1.461753  1
