               -933.6881075478
         -0.000004500      -0.000000000       0.000000000
         -0.000000000       0.000004824      -0.000000000
          0.000000000      -0.000000000       0.000000043
         100
  1     6      -0.000000013       0.000055377       0.000000002  C
  1     6       0.000105025       0.000080359      -0.000000012  C
  1     6       0.000028801      -0.000025574       0.000000016  C
  1     6      -0.000000087      -0.000198111       0.000000004  C
  1     6      -0.000143546       0.000088813       0.000000001  C
  1     6      -0.000048325      -0.000191772      -0.000000001  C
  1     6      -0.000109850       0.000055575       0.000000001  C
  1     6      -0.000262326      -0.000094559       0.000000009  C
  1     6      -0.000021491       0.000295827       0.000000001  C
  1     6       0.000047945      -0.000217890      -0.000000010  C
  1     6      -0.000043403       0.000148792      -0.000000002  C
  1     6       0.000045015      -0.000115935       0.000000005  C
  1     6      -0.000038900       0.000090364       0.000000010  C
  1     6       0.000146766      -0.000037717      -0.000000001  C
  1     6       0.000160507       0.000098038      -0.000000016  C
  1     6       0.000081956      -0.000030265       0.000000010  C
  2     1      -0.000386878       0.000197073      -0.000000001  H
  2     1      -0.000181351       0.000044570       0.000000002  H
  2     1      -0.000109724      -0.000183949      -0.000000003  H
  2     1      -0.000070170      -0.000041895      -0.000000006  H
  1     6       0.000175427      -0.000068096       0.000000016  C
  1     6       0.000099241       0.000151956      -0.000000013  C
  1     6      -0.000181873       0.000010802      -0.000000001  C
  1     6       0.000181972      -0.000010752       0.000000000  C
  1     6      -0.000123158       0.000153505      -0.000000013  C
  2     1      -0.000099222      -0.000232090       0.000000006  H
  2     1       0.000099248       0.000232115       0.000000003  H
  1     6       0.000122976      -0.000153523      -0.000000007  C
  1     6      -0.000082064       0.000030365       0.000000001  C
  1     6      -0.000160657      -0.000098182       0.000000010  C
  1     6      -0.000099217      -0.000151949      -0.000000025  C
  1     6      -0.000175191       0.000068157       0.000000012  C
  2     1       0.000070151       0.000041863      -0.000000001  H
  2     1       0.000109667       0.000183936       0.000000007  H
  2     1       0.000181270      -0.000044521       0.000000006  H
  2     1       0.000386868      -0.000197175      -0.000000000  H
  1     6       0.000262467       0.000094448       0.000000011  C
  1     6       0.000109703      -0.000055254      -0.000000012  C
  1     6      -0.000146641       0.000037635      -0.000000014  C
  1     6       0.000038612      -0.000090278       0.000000022  C
  1     6      -0.000044940       0.000115887      -0.000000014  C
  1     6       0.000043658      -0.000148651      -0.000000000  C
  1     6      -0.000048008       0.000217747       0.000000001  C
  1     6       0.000021708      -0.000295822      -0.000000014  C
  1     6      -0.000105006      -0.000080461       0.000000009  C
  1     6       0.000000031      -0.000055225      -0.000000004  C
  1     6      -0.000000026       0.000130648       0.000000008  C
  1     6       0.000048490       0.000191513       0.000000009  C
  1     6       0.000143412      -0.000088769      -0.000000001  C
  1     6      -0.000000100       0.000354175       0.000000008  C
  1     6       0.000000018       0.000197963       0.000000007  C
  1     6      -0.000028915       0.000025625      -0.000000002  C
  1     6       0.000105147      -0.000080467       0.000000020  C
  1     6      -0.000109896      -0.000055464      -0.000000014  C
  1     6       0.000146543       0.000037734      -0.000000002  C
  1     6      -0.000048230       0.000191564      -0.000000007  C
  1     6      -0.000143594      -0.000088563      -0.000000003  C
  1     6      -0.000043498      -0.000148777      -0.000000004  C
  1     6       0.000047887       0.000217854      -0.000000004  C
  1     6       0.000028784       0.000025560      -0.000000014  C
  1     6      -0.000262446       0.000094564       0.000000010  C
  1     6       0.000160449      -0.000098290      -0.000000003  C
  1     6       0.000099278      -0.000151769      -0.000000002  C
  1     6      -0.000038765      -0.000090400       0.000000010  C
  1     6       0.000045290       0.000115897      -0.000000005  C
  2     1      -0.000109860       0.000184006       0.000000005  H
  2     1      -0.000181413      -0.000044574       0.000000005  H
  1     6      -0.000021315      -0.000295922      -0.000000006  C
  1     6       0.000082116       0.000030250       0.000000001  C
  1     6      -0.000181735      -0.000010479       0.000000002  C
  1     6       0.000123194       0.000153585      -0.000000006  C
  1     6       0.000175090       0.000068210       0.000000000  C
  2     1      -0.000070134       0.000041730      -0.000000000  H
  2     1      -0.000099217       0.000232125      -0.000000002  H
  2     1      -0.000386862      -0.000197099       0.000000001  H
  1     6       0.000181892       0.000010540      -0.000000002  C
  1     6      -0.000082070      -0.000030231      -0.000000003  C
  2     1       0.000386880       0.000197199      -0.000000002  H
  2     1       0.000099242      -0.000232131       0.000000004  H
  2     1       0.000070159      -0.000041853      -0.000000001  H
  1     6      -0.000175273      -0.000068074      -0.000000003  C
  1     6      -0.000123138      -0.000153643       0.000000004  C
  1     6      -0.000160699       0.000098129       0.000000003  C
  1     6       0.000262543      -0.000094522       0.000000003  C
  1     6       0.000021466       0.000295898      -0.000000006  C
  2     1       0.000181392       0.000044560       0.000000002  H
  2     1       0.000109691      -0.000183935       0.000000002  H
  1     6      -0.000044957      -0.000115867      -0.000000003  C
  1     6       0.000038892       0.000090357      -0.000000009  C
  1     6      -0.000099171       0.000151785       0.000000010  C
  1     6       0.000109924       0.000055572       0.000000016  C
  1     6      -0.000105205       0.000080560      -0.000000020  C
  1     6      -0.000028650      -0.000025725       0.000000016  C
  1     6      -0.000048017      -0.000217798      -0.000000010  C
  1     6       0.000043508       0.000148584       0.000000002  C
  1     6       0.000143566       0.000088873       0.000000014  C
  1     6       0.000048169      -0.000191780      -0.000000024  C
  1     6      -0.000146622      -0.000037825       0.000000003  C
  1     6      -0.000000117      -0.000353946      -0.000000010  C
  1     6      -0.000000074      -0.000130712       0.000000012  C
