# GNUBANDS: Utility for SIESTA to transform bands output into Gnuplot format
#
#                                                  Emilio Artacho, Feb. 1999
#                                                   Alberto Garcia, May 2012
#                                         Nick Papior, April 2013, July 2016
# --------------------------------------------------------------------------
# E_F / orig        =      0.0000    -3.3762
# k_min, k_max      =     0.0000    1.6625
# E_min, E_max      =    -5.0000    5.0000
# Nbands, Nspin, Nk =    202     1   201
# Using min_band, max_band =      1   202
# Total number of bands =    202
#
#        k            E[eV]
# --------------------------------------------------------------------------

      0.000000     -4.597346  1
      0.008312     -4.607846  1
      0.016625     -4.617346  1
      0.024937     -4.625346  1
      0.033249     -4.631446  1
      0.041561     -4.635546  1
      0.049874     -4.637246  1
      0.058186     -4.636646  1
      0.066498     -4.633646  1
      0.074811     -4.628446  1
      0.083123     -4.621346  1
      0.091435     -4.612446  1
      0.099748     -4.602446  1
      0.108060     -4.591446  1
      0.116372     -4.580146  1
      0.124684     -4.573946  1
      0.132997     -4.611146  1
      0.141309     -4.651346  1
      0.149621     -4.694546  1
      0.157934     -4.740346  1
      0.166246     -4.788446  1
      0.174558     -4.838846  1
      0.182870     -4.891246  1
      0.191183     -4.945246  1
      0.689920     -4.958246  1
      0.698233     -4.903746  1
      0.706545     -4.851046  1
      0.714857     -4.800146  1
      0.723169     -4.751446  1
      0.731482     -4.705046  1
      0.739794     -4.661246  1
      0.748106     -4.620346  1
      0.756419     -4.582446  1
      0.764731     -4.577446  1
      0.773043     -4.588846  1
      0.781356     -4.599846  1
      0.789668     -4.610246  1
      0.797980     -4.619346  1
      0.806292     -4.626946  1
      0.814605     -4.632646  1
      0.822917     -4.636146  1
      0.831229     -4.637346  1
      0.839542     -4.636146  1
      0.847854     -4.632646  1
      0.856166     -4.626946  1
      0.864478     -4.619346  1
      0.872791     -4.610246  1
      0.881103     -4.599846  1
      0.889415     -4.588846  1
      0.897728     -4.577446  1
      0.906040     -4.582446  1
      0.914352     -4.620346  1
      0.922665     -4.661246  1
      0.930977     -4.705046  1
      0.939289     -4.751446  1
      0.947601     -4.800146  1
      0.955914     -4.851046  1
      0.964226     -4.903746  1
      0.972538     -4.958246  1
      1.471276     -4.945246  1
      1.479588     -4.891246  1
      1.487900     -4.838846  1
      1.496213     -4.788446  1
      1.504525     -4.740346  1
      1.512837     -4.694546  1
      1.521150     -4.651346  1
      1.529462     -4.611146  1
      1.537774     -4.573946  1
      1.546086     -4.580146  1
      1.554399     -4.591446  1
      1.562711     -4.602446  1
      1.571023     -4.612446  1
      1.579336     -4.621346  1
      1.587648     -4.628446  1
      1.595960     -4.633646  1
      1.604273     -4.636646  1
      1.612585     -4.637246  1
      1.620897     -4.635546  1
      1.629209     -4.631446  1
      1.637522     -4.625346  1
      1.645834     -4.617346  1
      1.654146     -4.607846  1
      1.662459     -4.597346  1


      0.000000     -4.495146  1
      0.008312     -4.480046  1
      0.016625     -4.486346  1
      0.024937     -4.491446  1
      0.033249     -4.495046  1
      0.041561     -4.497446  1
      0.049874     -4.498446  1
      0.058186     -4.498046  1
      0.066498     -4.496346  1
      0.074811     -4.493346  1
      0.083123     -4.488946  1
      0.091435     -4.483146  1
      0.099748     -4.483046  1
      0.108060     -4.509746  1
      0.116372     -4.540046  1
      0.124684     -4.568846  1
      0.132997     -4.558046  1
      0.141309     -4.548146  1
      0.149621     -4.539546  1
      0.157934     -4.532646  1
      0.166246     -4.527746  1
      0.174558     -4.525146  1
      0.182870     -4.525146  1
      0.191183     -4.528046  1
      0.199495     -4.533946  1
      0.207807     -4.543146  1
      0.216120     -4.555746  1
      0.224432     -4.571846  1
      0.232744     -4.591546  1
      0.241056     -4.615046  1
      0.249369     -4.642246  1
      0.257681     -4.673246  1
      0.265993     -4.708046  1
      0.274306     -4.746646  1
      0.282618     -4.788846  1
      0.290930     -4.834746  1
      0.299243     -4.884146  1
      0.307555     -4.936946  1
      0.315867     -4.993046  1
      0.573548     -4.949846  1
      0.581861     -4.896246  1
      0.590173     -4.846046  1
      0.598485     -4.799346  1
      0.606797     -4.756246  1
      0.615110     -4.716846  1
      0.623422     -4.681146  1
      0.631734     -4.649246  1
      0.640047     -4.621146  1
      0.648359     -4.596746  1
      0.656671     -4.576146  1
      0.664983     -4.559146  1
      0.673296     -4.545746  1
      0.681608     -4.535846  1
      0.689920     -4.529146  1
      0.698233     -4.525646  1
      0.706545     -4.524946  1
      0.714857     -4.526946  1
      0.723169     -4.531346  1
      0.731482     -4.537846  1
      0.739794     -4.546046  1
      0.748106     -4.555646  1
      0.756419     -4.566246  1
      0.764731     -4.547746  1
      0.773043     -4.516546  1
      0.781356     -4.488946  1
      0.789668     -4.481646  1
      0.797980     -4.487646  1
      0.806292     -4.492346  1
      0.814605     -4.495746  1
      0.822917     -4.497746  1
      0.831229     -4.498446  1
      0.839542     -4.497746  1
      0.847854     -4.495746  1
      0.856166     -4.492346  1
      0.864478     -4.487646  1
      0.872791     -4.481646  1
      0.881103     -4.488946  1
      0.889415     -4.516546  1
      0.897728     -4.547746  1
      0.906040     -4.566246  1
      0.914352     -4.555646  1
      0.922665     -4.546046  1
      0.930977     -4.537846  1
      0.939289     -4.531346  1
      0.947601     -4.526946  1
      0.955914     -4.524946  1
      0.964226     -4.525646  1
      0.972538     -4.529146  1
      0.980851     -4.535846  1
      0.989163     -4.545746  1
      0.997475     -4.559146  1
      1.005787     -4.576146  1
      1.014100     -4.596746  1
      1.022412     -4.621146  1
      1.030724     -4.649246  1
      1.039037     -4.681146  1
      1.047349     -4.716846  1
      1.055661     -4.756246  1
      1.063973     -4.799346  1
      1.072286     -4.846046  1
      1.080598     -4.896246  1
      1.088910     -4.949846  1
      1.346591     -4.993046  1
      1.354904     -4.936946  1
      1.363216     -4.884146  1
      1.371528     -4.834746  1
      1.379841     -4.788846  1
      1.388153     -4.746646  1
      1.396465     -4.708046  1
      1.404777     -4.673246  1
      1.413090     -4.642246  1
      1.421402     -4.615046  1
      1.429714     -4.591546  1
      1.438027     -4.571846  1
      1.446339     -4.555746  1
      1.454651     -4.543146  1
      1.462964     -4.533946  1
      1.471276     -4.528046  1
      1.479588     -4.525146  1
      1.487900     -4.525146  1
      1.496213     -4.527746  1
      1.504525     -4.532646  1
      1.512837     -4.539546  1
      1.521150     -4.548146  1
      1.529462     -4.558046  1
      1.537774     -4.568846  1
      1.546086     -4.540046  1
      1.554399     -4.509746  1
      1.562711     -4.483046  1
      1.571023     -4.483146  1
      1.579336     -4.488946  1
      1.587648     -4.493346  1
      1.595960     -4.496346  1
      1.604273     -4.498046  1
      1.612585     -4.498446  1
      1.620897     -4.497446  1
      1.629209     -4.495046  1
      1.637522     -4.491446  1
      1.645834     -4.486346  1
      1.654146     -4.480046  1
      1.662459     -4.495146  1


      0.000000     -4.472246  1
      0.008312     -4.470546  1
      0.016625     -4.449946  1
      0.024937     -4.433546  1
      0.033249     -4.421446  1
      0.041561     -4.413646  1
      0.049874     -4.410346  1
      0.058186     -4.411546  1
      0.066498     -4.417246  1
      0.074811     -4.427246  1
      0.083123     -4.441746  1
      0.091435     -4.460346  1
      0.099748     -4.476046  1
      0.108060     -4.467646  1
      0.116372     -4.457946  1
      0.124684     -4.446846  1
      0.132997     -4.434346  1
      0.141309     -4.420646  1
      0.149621     -4.405546  1
      0.157934     -4.389246  1
      0.166246     -4.371546  1
      0.174558     -4.352546  1
      0.182870     -4.332246  1
      0.191183     -4.310746  1
      0.199495     -4.287946  1
      0.207807     -4.263846  1
      0.216120     -4.238546  1
      0.224432     -4.212046  1
      0.232744     -4.184346  1
      0.241056     -4.155546  1
      0.249369     -4.125646  1
      0.257681     -4.194946  1
      0.265993     -4.273746  1
      0.274306     -4.355246  1
      0.282618     -4.439046  1
      0.290930     -4.525146  1
      0.299243     -4.613246  1
      0.307555     -4.703146  1
      0.315867     -4.794546  1
      0.324179     -4.887046  1
      0.332492     -4.980546  1
      0.357429     -4.951246  1
      0.365741     -4.896746  1
      0.374053     -4.849446  1
      0.382365     -4.906346  1
      0.390678     -4.962046  1
      0.490425     -4.974946  1
      0.498738     -4.919546  1
      0.507050     -4.862946  1
      0.515362     -4.883746  1
      0.523674     -4.938546  1
      0.531987     -4.992146  1
      0.556924     -4.909046  1
      0.565236     -4.816146  1
      0.573548     -4.724546  1
      0.581861     -4.634246  1
      0.590173     -4.545746  1
      0.598485     -4.459146  1
      0.606797     -4.374746  1
      0.615110     -4.292646  1
      0.623422     -4.213246  1
      0.631734     -4.136546  1
      0.640047     -4.148646  1
      0.648359     -4.177646  1
      0.656671     -4.205646  1
      0.664983     -4.232446  1
      0.673296     -4.258046  1
      0.681608     -4.282346  1
      0.689920     -4.305446  1
      0.698233     -4.327346  1
      0.706545     -4.347846  1
      0.714857     -4.367146  1
      0.723169     -4.385146  1
      0.731482     -4.401846  1
      0.739794     -4.417246  1
      0.748106     -4.431246  1
      0.756419     -4.444046  1
      0.764731     -4.455446  1
      0.773043     -4.465446  1
      0.781356     -4.474246  1
      0.789668     -4.465346  1
      0.797980     -4.445746  1
      0.806292     -4.430246  1
      0.814605     -4.419146  1
      0.822917     -4.412446  1
      0.831229     -4.410246  1
      0.839542     -4.412446  1
      0.847854     -4.419146  1
      0.856166     -4.430246  1
      0.864478     -4.445746  1
      0.872791     -4.465346  1
      0.881103     -4.474246  1
      0.889415     -4.465446  1
      0.897728     -4.455446  1
      0.906040     -4.444046  1
      0.914352     -4.431246  1
      0.922665     -4.417246  1
      0.930977     -4.401846  1
      0.939289     -4.385146  1
      0.947601     -4.367146  1
      0.955914     -4.347846  1
      0.964226     -4.327346  1
      0.972538     -4.305446  1
      0.980851     -4.282346  1
      0.989163     -4.258046  1
      0.997475     -4.232446  1
      1.005787     -4.205646  1
      1.014100     -4.177646  1
      1.022412     -4.148646  1
      1.030724     -4.136546  1
      1.039037     -4.213246  1
      1.047349     -4.292646  1
      1.055661     -4.374746  1
      1.063973     -4.459146  1
      1.072286     -4.545746  1
      1.080598     -4.634246  1
      1.088910     -4.724546  1
      1.097223     -4.816146  1
      1.105535     -4.909046  1
      1.130472     -4.992146  1
      1.138784     -4.938546  1
      1.147096     -4.883746  1
      1.155409     -4.862946  1
      1.163721     -4.919546  1
      1.172033     -4.974946  1
      1.271781     -4.962046  1
      1.280093     -4.906346  1
      1.288405     -4.849446  1
      1.296718     -4.896746  1
      1.305030     -4.951246  1
      1.329967     -4.980546  1
      1.338279     -4.887046  1
      1.346591     -4.794546  1
      1.354904     -4.703146  1
      1.363216     -4.613246  1
      1.371528     -4.525146  1
      1.379841     -4.439046  1
      1.388153     -4.355246  1
      1.396465     -4.273746  1
      1.404777     -4.194946  1
      1.413090     -4.125646  1
      1.421402     -4.155546  1
      1.429714     -4.184346  1
      1.438027     -4.212046  1
      1.446339     -4.238546  1
      1.454651     -4.263846  1
      1.462964     -4.287946  1
      1.471276     -4.310746  1
      1.479588     -4.332246  1
      1.487900     -4.352546  1
      1.496213     -4.371546  1
      1.504525     -4.389246  1
      1.512837     -4.405546  1
      1.521150     -4.420646  1
      1.529462     -4.434346  1
      1.537774     -4.446846  1
      1.546086     -4.457946  1
      1.554399     -4.467646  1
      1.562711     -4.476046  1
      1.571023     -4.460346  1
      1.579336     -4.441746  1
      1.587648     -4.427246  1
      1.595960     -4.417246  1
      1.604273     -4.411546  1
      1.612585     -4.410346  1
      1.620897     -4.413646  1
      1.629209     -4.421446  1
      1.637522     -4.433546  1
      1.645834     -4.449946  1
      1.654146     -4.470546  1
      1.662459     -4.472246  1


      0.000000     -3.328446  1
      0.008312     -3.313846  1
      0.016625     -3.301946  1
      0.024937     -3.292746  1
      0.033249     -3.286046  1
      0.041561     -3.281846  1
      0.049874     -3.280146  1
      0.058186     -3.280746  1
      0.066498     -3.283846  1
      0.074811     -3.289346  1
      0.083123     -3.297346  1
      0.091435     -3.307946  1
      0.099748     -3.321246  1
      0.108060     -3.337346  1
      0.116372     -3.356346  1
      0.124684     -3.378346  1
      0.132997     -3.403646  1
      0.141309     -3.432046  1
      0.149621     -3.463946  1
      0.157934     -3.499246  1
      0.166246     -3.537946  1
      0.174558     -3.580346  1
      0.182870     -3.626246  1
      0.191183     -3.675746  1
      0.199495     -3.728746  1
      0.207807     -3.785346  1
      0.216120     -3.845446  1
      0.224432     -3.908946  1
      0.232744     -3.975746  1
      0.241056     -4.045746  1
      0.249369     -4.118846  1
      0.257681     -4.094746  1
      0.265993     -4.097846  1
      0.274306     -4.153146  1
      0.282618     -4.209246  1
      0.290930     -4.265946  1
      0.299243     -4.323346  1
      0.307555     -4.381246  1
      0.315867     -4.439546  1
      0.324179     -4.498146  1
      0.332492     -4.556946  1
      0.340804     -4.615846  1
      0.349116     -4.674746  1
      0.357429     -4.733446  1
      0.365741     -4.791746  1
      0.374053     -4.841046  1
      0.382365     -4.784246  1
      0.390678     -4.739046  1
      0.398990     -4.816046  1
      0.407302     -4.891946  1
      0.415615     -4.966546  1
      0.465488     -4.983946  1
      0.473801     -4.909546  1
      0.482113     -4.834046  1
      0.490425     -4.757246  1
      0.498738     -4.770746  1
      0.507050     -4.827746  1
      0.515362     -4.805346  1
      0.523674     -4.747246  1
      0.531987     -4.688646  1
      0.540299     -4.629746  1
      0.548611     -4.570846  1
      0.556924     -4.511946  1
      0.565236     -4.453246  1
      0.573548     -4.394946  1
      0.581861     -4.336946  1
      0.590173     -4.279446  1
      0.598485     -4.222546  1
      0.606797     -4.166346  1
      0.615110     -4.110846  1
      0.623422     -4.087346  1
      0.631734     -4.118446  1
      0.640047     -4.062646  1
      0.648359     -3.991946  1
      0.656671     -3.924346  1
      0.664983     -3.860046  1
      0.673296     -3.799246  1
      0.681608     -3.741746  1
      0.689920     -3.687846  1
      0.698233     -3.637546  1
      0.706545     -3.590746  1
      0.714857     -3.547646  1
      0.723169     -3.508046  1
      0.731482     -3.471946  1
      0.739794     -3.439246  1
      0.748106     -3.410046  1
      0.756419     -3.384046  1
      0.764731     -3.361246  1
      0.773043     -3.341546  1
      0.781356     -3.324746  1
      0.789668     -3.310846  1
      0.797980     -3.299546  1
      0.806292     -3.290946  1
      0.814605     -3.284846  1
      0.822917     -3.281246  1
      0.831229     -3.280046  1
      0.839542     -3.281246  1
      0.847854     -3.284846  1
      0.856166     -3.290946  1
      0.864478     -3.299546  1
      0.872791     -3.310846  1
      0.881103     -3.324746  1
      0.889415     -3.341546  1
      0.897728     -3.361246  1
      0.906040     -3.384046  1
      0.914352     -3.410046  1
      0.922665     -3.439246  1
      0.930977     -3.471946  1
      0.939289     -3.508046  1
      0.947601     -3.547646  1
      0.955914     -3.590746  1
      0.964226     -3.637546  1
      0.972538     -3.687846  1
      0.980851     -3.741746  1
      0.989163     -3.799246  1
      0.997475     -3.860046  1
      1.005787     -3.924346  1
      1.014100     -3.991946  1
      1.022412     -4.062646  1
      1.030724     -4.118446  1
      1.039037     -4.087346  1
      1.047349     -4.110846  1
      1.055661     -4.166346  1
      1.063973     -4.222546  1
      1.072286     -4.279446  1
      1.080598     -4.336946  1
      1.088910     -4.394946  1
      1.097223     -4.453246  1
      1.105535     -4.511946  1
      1.113847     -4.570846  1
      1.122160     -4.629746  1
      1.130472     -4.688646  1
      1.138784     -4.747246  1
      1.147096     -4.805346  1
      1.155409     -4.827746  1
      1.163721     -4.770746  1
      1.172033     -4.757246  1
      1.180346     -4.834046  1
      1.188658     -4.909546  1
      1.196970     -4.983946  1
      1.246844     -4.966546  1
      1.255156     -4.891946  1
      1.263469     -4.816046  1
      1.271781     -4.739046  1
      1.280093     -4.784246  1
      1.288405     -4.841046  1
      1.296718     -4.791746  1
      1.305030     -4.733446  1
      1.313342     -4.674746  1
      1.321655     -4.615846  1
      1.329967     -4.556946  1
      1.338279     -4.498146  1
      1.346591     -4.439546  1
      1.354904     -4.381246  1
      1.363216     -4.323346  1
      1.371528     -4.265946  1
      1.379841     -4.209246  1
      1.388153     -4.153146  1
      1.396465     -4.097846  1
      1.404777     -4.094746  1
      1.413090     -4.118846  1
      1.421402     -4.045746  1
      1.429714     -3.975746  1
      1.438027     -3.908946  1
      1.446339     -3.845446  1
      1.454651     -3.785346  1
      1.462964     -3.728746  1
      1.471276     -3.675746  1
      1.479588     -3.626246  1
      1.487900     -3.580346  1
      1.496213     -3.537946  1
      1.504525     -3.499246  1
      1.512837     -3.463946  1
      1.521150     -3.432046  1
      1.529462     -3.403646  1
      1.537774     -3.378346  1
      1.546086     -3.356346  1
      1.554399     -3.337346  1
      1.562711     -3.321246  1
      1.571023     -3.307946  1
      1.579336     -3.297346  1
      1.587648     -3.289346  1
      1.595960     -3.283846  1
      1.604273     -3.280746  1
      1.612585     -3.280146  1
      1.620897     -3.281846  1
      1.629209     -3.286046  1
      1.637522     -3.292746  1
      1.645834     -3.301946  1
      1.654146     -3.313846  1
      1.662459     -3.328446  1


      0.000000     -3.311046  1
      0.008312     -3.293646  1
      0.016625     -3.279246  1
      0.024937     -3.267746  1
      0.033249     -3.259346  1
      0.041561     -3.253946  1
      0.049874     -3.251746  1
      0.058186     -3.252546  1
      0.066498     -3.256446  1
      0.074811     -3.263446  1
      0.083123     -3.273446  1
      0.091435     -3.286446  1
      0.099748     -3.302446  1
      0.108060     -3.321346  1
      0.116372     -3.343046  1
      0.124684     -3.367546  1
      0.132997     -3.394646  1
      0.141309     -3.424246  1
      0.149621     -3.456346  1
      0.157934     -3.490746  1
      0.166246     -3.527346  1
      0.174558     -3.566046  1
      0.182870     -3.606746  1
      0.191183     -3.649346  1
      0.199495     -3.693646  1
      0.207807     -3.739646  1
      0.216120     -3.787046  1
      0.224432     -3.835946  1
      0.232744     -3.886146  1
      0.241056     -3.937446  1
      0.249369     -3.989946  1
      0.257681     -4.043446  1
      0.265993     -4.063046  1
      0.274306     -4.030846  1
      0.282618     -3.998846  1
      0.290930     -3.968846  1
      0.299243     -3.947646  1
      0.307555     -3.958746  1
      0.315867     -4.016446  1
      0.324179     -4.092846  1
      0.332492     -4.173946  1
      0.340804     -4.256346  1
      0.349116     -4.338646  1
      0.357429     -4.420446  1
      0.365741     -4.501546  1
      0.374053     -4.581646  1
      0.382365     -4.660946  1
      0.390678     -4.726346  1
      0.398990     -4.667746  1
      0.407302     -4.608646  1
      0.415615     -4.549846  1
      0.423927     -4.493146  1
      0.432239     -4.443946  1
      0.440552     -4.417946  1
      0.448864     -4.434846  1
      0.457176     -4.480546  1
      0.465488     -4.536146  1
      0.473801     -4.594746  1
      0.482113     -4.653846  1
      0.490425     -4.712646  1
      0.498738     -4.679346  1
      0.507050     -4.600446  1
      0.515362     -4.520446  1
      0.523674     -4.439546  1
      0.531987     -4.357946  1
      0.540299     -4.275746  1
      0.548611     -4.193346  1
      0.556924     -4.111746  1
      0.565236     -4.033546  1
      0.573548     -3.969046  1
      0.581861     -3.945946  1
      0.590173     -3.962546  1
      0.598485     -3.991446  1
      0.606797     -4.023246  1
      0.615110     -4.055546  1
      0.623422     -4.056146  1
      0.631734     -4.002446  1
      0.640047     -3.949746  1
      0.648359     -3.898046  1
      0.656671     -3.847646  1
      0.664983     -3.798446  1
      0.673296     -3.750646  1
      0.681608     -3.704346  1
      0.689920     -3.659646  1
      0.698233     -3.616646  1
      0.706545     -3.575446  1
      0.714857     -3.536246  1
      0.723169     -3.499146  1
      0.731482     -3.464246  1
      0.739794     -3.431546  1
      0.748106     -3.401346  1
      0.756419     -3.373646  1
      0.764731     -3.348546  1
      0.773043     -3.326246  1
      0.781356     -3.306646  1
      0.789668     -3.290046  1
      0.797980     -3.276246  1
      0.806292     -3.265546  1
      0.814605     -3.257846  1
      0.822917     -3.253146  1
      0.831229     -3.251646  1
      0.839542     -3.253146  1
      0.847854     -3.257846  1
      0.856166     -3.265546  1
      0.864478     -3.276246  1
      0.872791     -3.290046  1
      0.881103     -3.306646  1
      0.889415     -3.326246  1
      0.897728     -3.348546  1
      0.906040     -3.373646  1
      0.914352     -3.401346  1
      0.922665     -3.431546  1
      0.930977     -3.464246  1
      0.939289     -3.499146  1
      0.947601     -3.536246  1
      0.955914     -3.575446  1
      0.964226     -3.616646  1
      0.972538     -3.659646  1
      0.980851     -3.704346  1
      0.989163     -3.750646  1
      0.997475     -3.798446  1
      1.005787     -3.847646  1
      1.014100     -3.898046  1
      1.022412     -3.949746  1
      1.030724     -4.002446  1
      1.039037     -4.056146  1
      1.047349     -4.055546  1
      1.055661     -4.023246  1
      1.063973     -3.991446  1
      1.072286     -3.962546  1
      1.080598     -3.945946  1
      1.088910     -3.969046  1
      1.097223     -4.033546  1
      1.105535     -4.111746  1
      1.113847     -4.193346  1
      1.122160     -4.275746  1
      1.130472     -4.357946  1
      1.138784     -4.439546  1
      1.147096     -4.520446  1
      1.155409     -4.600446  1
      1.163721     -4.679346  1
      1.172033     -4.712646  1
      1.180346     -4.653846  1
      1.188658     -4.594746  1
      1.196970     -4.536146  1
      1.205282     -4.480546  1
      1.213595     -4.434846  1
      1.221907     -4.417946  1
      1.230219     -4.443946  1
      1.238532     -4.493146  1
      1.246844     -4.549846  1
      1.255156     -4.608646  1
      1.263469     -4.667746  1
      1.271781     -4.726346  1
      1.280093     -4.660946  1
      1.288405     -4.581646  1
      1.296718     -4.501546  1
      1.305030     -4.420446  1
      1.313342     -4.338646  1
      1.321655     -4.256346  1
      1.329967     -4.173946  1
      1.338279     -4.092846  1
      1.346591     -4.016446  1
      1.354904     -3.958746  1
      1.363216     -3.947646  1
      1.371528     -3.968846  1
      1.379841     -3.998846  1
      1.388153     -4.030846  1
      1.396465     -4.063046  1
      1.404777     -4.043446  1
      1.413090     -3.989946  1
      1.421402     -3.937446  1
      1.429714     -3.886146  1
      1.438027     -3.835946  1
      1.446339     -3.787046  1
      1.454651     -3.739646  1
      1.462964     -3.693646  1
      1.471276     -3.649346  1
      1.479588     -3.606746  1
      1.487900     -3.566046  1
      1.496213     -3.527346  1
      1.504525     -3.490746  1
      1.512837     -3.456346  1
      1.521150     -3.424246  1
      1.529462     -3.394646  1
      1.537774     -3.367546  1
      1.546086     -3.343046  1
      1.554399     -3.321346  1
      1.562711     -3.302446  1
      1.571023     -3.286446  1
      1.579336     -3.273446  1
      1.587648     -3.263446  1
      1.595960     -3.256446  1
      1.604273     -3.252546  1
      1.612585     -3.251746  1
      1.620897     -3.253946  1
      1.629209     -3.259346  1
      1.637522     -3.267746  1
      1.645834     -3.279246  1
      1.654146     -3.293646  1
      1.662459     -3.311046  1


      0.000000     -2.619746  1
      0.008312     -2.623346  1
      0.016625     -2.626346  1
      0.024937     -2.628646  1
      0.033249     -2.630446  1
      0.041561     -2.631546  1
      0.049874     -2.631946  1
      0.058186     -2.631846  1
      0.066498     -2.631046  1
      0.074811     -2.629546  1
      0.083123     -2.627446  1
      0.091435     -2.624846  1
      0.099748     -2.621446  1
      0.108060     -2.617546  1
      0.116372     -2.613046  1
      0.124684     -2.608046  1
      0.132997     -2.602446  1
      0.141309     -2.596346  1
      0.149621     -2.589746  1
      0.157934     -2.582646  1
      0.166246     -2.575246  1
      0.174558     -2.567446  1
      0.182870     -2.559446  1
      0.191183     -2.633946  1
      0.199495     -2.722746  1
      0.207807     -2.812446  1
      0.216120     -2.902746  1
      0.224432     -2.993546  1
      0.232744     -3.084446  1
      0.241056     -3.175446  1
      0.249369     -3.266246  1
      0.257681     -3.356546  1
      0.265993     -3.446346  1
      0.274306     -3.534946  1
      0.282618     -3.621846  1
      0.290930     -3.704846  1
      0.299243     -3.777346  1
      0.307555     -3.815746  1
      0.315867     -3.805646  1
      0.324179     -3.774946  1
      0.332492     -3.737546  1
      0.340804     -3.697046  1
      0.349116     -3.654646  1
      0.357429     -3.610846  1
      0.365741     -3.649946  1
      0.374053     -3.726946  1
      0.382365     -3.802746  1
      0.390678     -3.877046  1
      0.398990     -3.949646  1
      0.407302     -4.020346  1
      0.415615     -4.088146  1
      0.423927     -4.151346  1
      0.432239     -4.204646  1
      0.440552     -4.232146  1
      0.448864     -4.214346  1
      0.457176     -4.165146  1
      0.465488     -4.103546  1
      0.473801     -4.036546  1
      0.482113     -3.966546  1
      0.490425     -3.894246  1
      0.498738     -3.820346  1
      0.507050     -3.744946  1
      0.515362     -3.668146  1
      0.523674     -3.600446  1
      0.531987     -3.644446  1
      0.540299     -3.687246  1
      0.548611     -3.728246  1
      0.556924     -3.766546  1
      0.565236     -3.799446  1
      0.573548     -3.816846  1
      0.581861     -3.790846  1
      0.590173     -3.723346  1
      0.598485     -3.641846  1
      0.606797     -3.555646  1
      0.615110     -3.467246  1
      0.623422     -3.377746  1
      0.631734     -3.287546  1
      0.640047     -3.196846  1
      0.648359     -3.105846  1
      0.656671     -3.014946  1
      0.664983     -2.924046  1
      0.673296     -2.833646  1
      0.681608     -2.743746  1
      0.689920     -2.654746  1
      0.698233     -2.566746  1
      0.706545     -2.565646  1
      0.714857     -2.573446  1
      0.723169     -2.580946  1
      0.731482     -2.588146  1
      0.739794     -2.594846  1
      0.748106     -2.601046  1
      0.756419     -2.606746  1
      0.764731     -2.611946  1
      0.773043     -2.616546  1
      0.781356     -2.620646  1
      0.789668     -2.624046  1
      0.797980     -2.626946  1
      0.806292     -2.629146  1
      0.814605     -2.630746  1
      0.822917     -2.631646  1
      0.831229     -2.632046  1
      0.839542     -2.631646  1
      0.847854     -2.630746  1
      0.856166     -2.629146  1
      0.864478     -2.626946  1
      0.872791     -2.624046  1
      0.881103     -2.620646  1
      0.889415     -2.616546  1
      0.897728     -2.611946  1
      0.906040     -2.606746  1
      0.914352     -2.601046  1
      0.922665     -2.594846  1
      0.930977     -2.588146  1
      0.939289     -2.580946  1
      0.947601     -2.573446  1
      0.955914     -2.565646  1
      0.964226     -2.566746  1
      0.972538     -2.654746  1
      0.980851     -2.743746  1
      0.989163     -2.833646  1
      0.997475     -2.924046  1
      1.005787     -3.014946  1
      1.014100     -3.105846  1
      1.022412     -3.196846  1
      1.030724     -3.287546  1
      1.039037     -3.377746  1
      1.047349     -3.467246  1
      1.055661     -3.555646  1
      1.063973     -3.641846  1
      1.072286     -3.723346  1
      1.080598     -3.790846  1
      1.088910     -3.816846  1
      1.097223     -3.799446  1
      1.105535     -3.766546  1
      1.113847     -3.728246  1
      1.122160     -3.687246  1
      1.130472     -3.644446  1
      1.138784     -3.600446  1
      1.147096     -3.668146  1
      1.155409     -3.744946  1
      1.163721     -3.820346  1
      1.172033     -3.894246  1
      1.180346     -3.966546  1
      1.188658     -4.036546  1
      1.196970     -4.103546  1
      1.205282     -4.165146  1
      1.213595     -4.214346  1
      1.221907     -4.232146  1
      1.230219     -4.204646  1
      1.238532     -4.151346  1
      1.246844     -4.088146  1
      1.255156     -4.020346  1
      1.263469     -3.949646  1
      1.271781     -3.877046  1
      1.280093     -3.802746  1
      1.288405     -3.726946  1
      1.296718     -3.649946  1
      1.305030     -3.610846  1
      1.313342     -3.654646  1
      1.321655     -3.697046  1
      1.329967     -3.737546  1
      1.338279     -3.774946  1
      1.346591     -3.805646  1
      1.354904     -3.815746  1
      1.363216     -3.777346  1
      1.371528     -3.704846  1
      1.379841     -3.621846  1
      1.388153     -3.534946  1
      1.396465     -3.446346  1
      1.404777     -3.356546  1
      1.413090     -3.266246  1
      1.421402     -3.175446  1
      1.429714     -3.084446  1
      1.438027     -2.993546  1
      1.446339     -2.902746  1
      1.454651     -2.812446  1
      1.462964     -2.722746  1
      1.471276     -2.633946  1
      1.479588     -2.559446  1
      1.487900     -2.567446  1
      1.496213     -2.575246  1
      1.504525     -2.582646  1
      1.512837     -2.589746  1
      1.521150     -2.596346  1
      1.529462     -2.602446  1
      1.537774     -2.608046  1
      1.546086     -2.613046  1
      1.554399     -2.617546  1
      1.562711     -2.621446  1
      1.571023     -2.624846  1
      1.579336     -2.627446  1
      1.587648     -2.629546  1
      1.595960     -2.631046  1
      1.604273     -2.631846  1
      1.612585     -2.631946  1
      1.620897     -2.631546  1
      1.629209     -2.630446  1
      1.637522     -2.628646  1
      1.645834     -2.626346  1
      1.654146     -2.623346  1
      1.662459     -2.619746  1


      0.000000     -1.844946  1
      0.008312     -1.796346  1
      0.016625     -1.754946  1
      0.024937     -1.721446  1
      0.033249     -1.696446  1
      0.041561     -1.680346  1
      0.049874     -1.673446  1
      0.058186     -1.675946  1
      0.066498     -1.687746  1
      0.074811     -1.708546  1
      0.083123     -1.738146  1
      0.091435     -1.775946  1
      0.099748     -1.821246  1
      0.108060     -1.873446  1
      0.116372     -1.931846  1
      0.124684     -1.995646  1
      0.132997     -2.064346  1
      0.141309     -2.137246  1
      0.149621     -2.213846  1
      0.157934     -2.293446  1
      0.166246     -2.375646  1
      0.174558     -2.460046  1
      0.182870     -2.546246  1
      0.191183     -2.551246  1
      0.199495     -2.543046  1
      0.207807     -2.535046  1
      0.216120     -2.527646  1
      0.224432     -2.521646  1
      0.232744     -2.518846  1
      0.241056     -2.523346  1
      0.249369     -2.545446  1
      0.257681     -2.595146  1
      0.265993     -2.665646  1
      0.274306     -2.745246  1
      0.282618     -2.828246  1
      0.290930     -2.912446  1
      0.299243     -2.996946  1
      0.307555     -3.081246  1
      0.315867     -3.165046  1
      0.324179     -3.248146  1
      0.332492     -3.330446  1
      0.340804     -3.411846  1
      0.349116     -3.492246  1
      0.357429     -3.571646  1
      0.365741     -3.565846  1
      0.374053     -3.519946  1
      0.382365     -3.473246  1
      0.390678     -3.426146  1
      0.398990     -3.378846  1
      0.407302     -3.331946  1
      0.415615     -3.286646  1
      0.423927     -3.245146  1
      0.432239     -3.212346  1
      0.440552     -3.197146  1
      0.448864     -3.206746  1
      0.457176     -3.236346  1
      0.465488     -3.276446  1
      0.473801     -3.321146  1
      0.482113     -3.367746  1
      0.490425     -3.414946  1
      0.498738     -3.462246  1
      0.507050     -3.509046  1
      0.515362     -3.555146  1
      0.523674     -3.590146  1
      0.531987     -3.511046  1
      0.540299     -3.430846  1
      0.548611     -3.349646  1
      0.556924     -3.267546  1
      0.565236     -3.184646  1
      0.573548     -3.101046  1
      0.581861     -3.016846  1
      0.590173     -2.932346  1
      0.598485     -2.848046  1
      0.606797     -2.764546  1
      0.615110     -2.683846  1
      0.623422     -2.610346  1
      0.631734     -2.554546  1
      0.640047     -2.526446  1
      0.648359     -2.518946  1
      0.656671     -2.520646  1
      0.664983     -2.526046  1
      0.673296     -2.533246  1
      0.681608     -2.541146  1
      0.689920     -2.549346  1
      0.698233     -2.557546  1
      0.706545     -2.480146  1
      0.714857     -2.395346  1
      0.723169     -2.312546  1
      0.731482     -2.232246  1
      0.739794     -2.154946  1
      0.748106     -2.081146  1
      0.756419     -2.011446  1
      0.764731     -1.946346  1
      0.773043     -1.886646  1
      0.781356     -1.832946  1
      0.789668     -1.785946  1
      0.797980     -1.746346  1
      0.806292     -1.714746  1
      0.814605     -1.691846  1
      0.822917     -1.677846  1
      0.831229     -1.673146  1
      0.839542     -1.677846  1
      0.847854     -1.691846  1
      0.856166     -1.714746  1
      0.864478     -1.746346  1
      0.872791     -1.785946  1
      0.881103     -1.832946  1
      0.889415     -1.886646  1
      0.897728     -1.946346  1
      0.906040     -2.011446  1
      0.914352     -2.081146  1
      0.922665     -2.154946  1
      0.930977     -2.232246  1
      0.939289     -2.312546  1
      0.947601     -2.395346  1
      0.955914     -2.480146  1
      0.964226     -2.557546  1
      0.972538     -2.549346  1
      0.980851     -2.541146  1
      0.989163     -2.533246  1
      0.997475     -2.526046  1
      1.005787     -2.520646  1
      1.014100     -2.518946  1
      1.022412     -2.526446  1
      1.030724     -2.554546  1
      1.039037     -2.610346  1
      1.047349     -2.683846  1
      1.055661     -2.764546  1
      1.063973     -2.848046  1
      1.072286     -2.932346  1
      1.080598     -3.016846  1
      1.088910     -3.101046  1
      1.097223     -3.184646  1
      1.105535     -3.267546  1
      1.113847     -3.349646  1
      1.122160     -3.430846  1
      1.130472     -3.511046  1
      1.138784     -3.590146  1
      1.147096     -3.555146  1
      1.155409     -3.509046  1
      1.163721     -3.462246  1
      1.172033     -3.414946  1
      1.180346     -3.367746  1
      1.188658     -3.321146  1
      1.196970     -3.276446  1
      1.205282     -3.236346  1
      1.213595     -3.206746  1
      1.221907     -3.197146  1
      1.230219     -3.212346  1
      1.238532     -3.245146  1
      1.246844     -3.286646  1
      1.255156     -3.331946  1
      1.263469     -3.378846  1
      1.271781     -3.426146  1
      1.280093     -3.473246  1
      1.288405     -3.519946  1
      1.296718     -3.565846  1
      1.305030     -3.571646  1
      1.313342     -3.492246  1
      1.321655     -3.411846  1
      1.329967     -3.330446  1
      1.338279     -3.248146  1
      1.346591     -3.165046  1
      1.354904     -3.081246  1
      1.363216     -2.996946  1
      1.371528     -2.912446  1
      1.379841     -2.828246  1
      1.388153     -2.745246  1
      1.396465     -2.665646  1
      1.404777     -2.595146  1
      1.413090     -2.545446  1
      1.421402     -2.523346  1
      1.429714     -2.518846  1
      1.438027     -2.521646  1
      1.446339     -2.527646  1
      1.454651     -2.535046  1
      1.462964     -2.543046  1
      1.471276     -2.551246  1
      1.479588     -2.546246  1
      1.487900     -2.460046  1
      1.496213     -2.375646  1
      1.504525     -2.293446  1
      1.512837     -2.213846  1
      1.521150     -2.137246  1
      1.529462     -2.064346  1
      1.537774     -1.995646  1
      1.546086     -1.931846  1
      1.554399     -1.873446  1
      1.562711     -1.821246  1
      1.571023     -1.775946  1
      1.579336     -1.738146  1
      1.587648     -1.708546  1
      1.595960     -1.687746  1
      1.604273     -1.675946  1
      1.612585     -1.673446  1
      1.620897     -1.680346  1
      1.629209     -1.696446  1
      1.637522     -1.721446  1
      1.645834     -1.754946  1
      1.654146     -1.796346  1
      1.662459     -1.844946  1


      0.000000     -0.914646  1
      0.008312     -0.850746  1
      0.016625     -0.794546  1
      0.024937     -0.747646  1
      0.033249     -0.711546  1
      0.041561     -0.687846  1
      0.049874     -0.677646  1
      0.058186     -0.681346  1
      0.066498     -0.698846  1
      0.074811     -0.729246  1
      0.083123     -0.771146  1
      0.091435     -0.823246  1
      0.099748     -0.883646  1
      0.108060     -0.951046  1
      0.116372     -1.024046  1
      0.124684     -1.101646  1
      0.132997     -1.182746  1
      0.141309     -1.266646  1
      0.149621     -1.352746  1
      0.157934     -1.440546  1
      0.166246     -1.529546  1
      0.174558     -1.619446  1
      0.182870     -1.709946  1
      0.191183     -1.800546  1
      0.199495     -1.891146  1
      0.207807     -1.981246  1
      0.216120     -2.070346  1
      0.224432     -2.157746  1
      0.232744     -2.241446  1
      0.241056     -2.317146  1
      0.249369     -2.374846  1
      0.257681     -2.404246  1
      0.265993     -2.412146  1
      0.274306     -2.410346  1
      0.282618     -2.404446  1
      0.290930     -2.396746  1
      0.299243     -2.388046  1
      0.307555     -2.378946  1
      0.315867     -2.369746  1
      0.324179     -2.360646  1
      0.332492     -2.351646  1
      0.340804     -2.346546  1
      0.349116     -2.408346  1
      0.357429     -2.469846  1
      0.365741     -2.530646  1
      0.374053     -2.590646  1
      0.382365     -2.649746  1
      0.390678     -2.707746  1
      0.398990     -2.764246  1
      0.407302     -2.818646  1
      0.415615     -2.869846  1
      0.423927     -2.915646  1
      0.432239     -2.951146  1
      0.440552     -2.967346  1
      0.448864     -2.957046  1
      0.457176     -2.925246  1
      0.465488     -2.881246  1
      0.473801     -2.831046  1
      0.482113     -2.777246  1
      0.490425     -2.721146  1
      0.498738     -2.663546  1
      0.507050     -2.604646  1
      0.515362     -2.544846  1
      0.523674     -2.484146  1
      0.531987     -2.422946  1
      0.540299     -2.361046  1
      0.548611     -2.349546  1
      0.556924     -2.358446  1
      0.565236     -2.367646  1
      0.573548     -2.376846  1
      0.581861     -2.385946  1
      0.590173     -2.394746  1
      0.598485     -2.402746  1
      0.606797     -2.409246  1
      0.615110     -2.412346  1
      0.623422     -2.407446  1
      0.631734     -2.384346  1
      0.640047     -2.332846  1
      0.648359     -2.260246  1
      0.656671     -2.177846  1
      0.664983     -2.091146  1
      0.673296     -2.002346  1
      0.681608     -1.912346  1
      0.689920     -1.821846  1
      0.698233     -1.731246  1
      0.706545     -1.640746  1
      0.714857     -1.550646  1
      0.723169     -1.461446  1
      0.731482     -1.373246  1
      0.739794     -1.286746  1
      0.748106     -1.202246  1
      0.756419     -1.120446  1
      0.764731     -1.041946  1
      0.773043     -0.967746  1
      0.781356     -0.898946  1
      0.789668     -0.836746  1
      0.797980     -0.782546  1
      0.806292     -0.738046  1
      0.814605     -0.704846  1
      0.822917     -0.684246  1
      0.831229     -0.677246  1
      0.839542     -0.684246  1
      0.847854     -0.704846  1
      0.856166     -0.738046  1
      0.864478     -0.782546  1
      0.872791     -0.836746  1
      0.881103     -0.898946  1
      0.889415     -0.967746  1
      0.897728     -1.041946  1
      0.906040     -1.120446  1
      0.914352     -1.202246  1
      0.922665     -1.286746  1
      0.930977     -1.373246  1
      0.939289     -1.461446  1
      0.947601     -1.550646  1
      0.955914     -1.640746  1
      0.964226     -1.731246  1
      0.972538     -1.821846  1
      0.980851     -1.912346  1
      0.989163     -2.002346  1
      0.997475     -2.091146  1
      1.005787     -2.177846  1
      1.014100     -2.260246  1
      1.022412     -2.332846  1
      1.030724     -2.384346  1
      1.039037     -2.407446  1
      1.047349     -2.412346  1
      1.055661     -2.409246  1
      1.063973     -2.402746  1
      1.072286     -2.394746  1
      1.080598     -2.385946  1
      1.088910     -2.376846  1
      1.097223     -2.367646  1
      1.105535     -2.358446  1
      1.113847     -2.349546  1
      1.122160     -2.361046  1
      1.130472     -2.422946  1
      1.138784     -2.484146  1
      1.147096     -2.544846  1
      1.155409     -2.604646  1
      1.163721     -2.663546  1
      1.172033     -2.721146  1
      1.180346     -2.777246  1
      1.188658     -2.831046  1
      1.196970     -2.881246  1
      1.205282     -2.925246  1
      1.213595     -2.957046  1
      1.221907     -2.967346  1
      1.230219     -2.951146  1
      1.238532     -2.915646  1
      1.246844     -2.869846  1
      1.255156     -2.818646  1
      1.263469     -2.764246  1
      1.271781     -2.707746  1
      1.280093     -2.649746  1
      1.288405     -2.590646  1
      1.296718     -2.530646  1
      1.305030     -2.469846  1
      1.313342     -2.408346  1
      1.321655     -2.346546  1
      1.329967     -2.351646  1
      1.338279     -2.360646  1
      1.346591     -2.369746  1
      1.354904     -2.378946  1
      1.363216     -2.388046  1
      1.371528     -2.396746  1
      1.379841     -2.404446  1
      1.388153     -2.410346  1
      1.396465     -2.412146  1
      1.404777     -2.404246  1
      1.413090     -2.374846  1
      1.421402     -2.317146  1
      1.429714     -2.241446  1
      1.438027     -2.157746  1
      1.446339     -2.070346  1
      1.454651     -1.981246  1
      1.462964     -1.891146  1
      1.471276     -1.800546  1
      1.479588     -1.709946  1
      1.487900     -1.619446  1
      1.496213     -1.529546  1
      1.504525     -1.440546  1
      1.512837     -1.352746  1
      1.521150     -1.266646  1
      1.529462     -1.182746  1
      1.537774     -1.101646  1
      1.546086     -1.024046  1
      1.554399     -0.951046  1
      1.562711     -0.883646  1
      1.571023     -0.823246  1
      1.579336     -0.771146  1
      1.587648     -0.729246  1
      1.595960     -0.698846  1
      1.604273     -0.681346  1
      1.612585     -0.677646  1
      1.620897     -0.687846  1
      1.629209     -0.711546  1
      1.637522     -0.747646  1
      1.645834     -0.794546  1
      1.654146     -0.850746  1
      1.662459     -0.914646  1


      0.000000     -0.750146  1
      0.008312     -0.721946  1
      0.016625     -0.698146  1
      0.024937     -0.678946  1
      0.033249     -0.664646  1
      0.041561     -0.655446  1
      0.049874     -0.651546  1
      0.058186     -0.652946  1
      0.066498     -0.659646  1
      0.074811     -0.671546  1
      0.083123     -0.688546  1
      0.091435     -0.710246  1
      0.099748     -0.736346  1
      0.108060     -0.766746  1
      0.116372     -0.800946  1
      0.124684     -0.838746  1
      0.132997     -0.879646  1
      0.141309     -0.923446  1
      0.149621     -0.969946  1
      0.157934     -1.018646  1
      0.166246     -1.069546  1
      0.174558     -1.122246  1
      0.182870     -1.176746  1
      0.191183     -1.232646  1
      0.199495     -1.289846  1
      0.207807     -1.348146  1
      0.216120     -1.407546  1
      0.224432     -1.467746  1
      0.232744     -1.528746  1
      0.241056     -1.590346  1
      0.249369     -1.652546  1
      0.257681     -1.715146  1
      0.265993     -1.778146  1
      0.274306     -1.841346  1
      0.282618     -1.904646  1
      0.290930     -1.968146  1
      0.299243     -2.031546  1
      0.307555     -2.094946  1
      0.315867     -2.158246  1
      0.324179     -2.221246  1
      0.332492     -2.284046  1
      0.340804     -2.342946  1
      0.349116     -2.334746  1
      0.357429     -2.326946  1
      0.365741     -2.319646  1
      0.374053     -2.312946  1
      0.382365     -2.306946  1
      0.390678     -2.301646  1
      0.398990     -2.297046  1
      0.407302     -2.293146  1
      0.415615     -2.290146  1
      0.423927     -2.287946  1
      0.432239     -2.286546  1
      0.440552     -2.286046  1
      0.448864     -2.286346  1
      0.457176     -2.287546  1
      0.465488     -2.289546  1
      0.473801     -2.292346  1
      0.482113     -2.296046  1
      0.490425     -2.300446  1
      0.498738     -2.305646  1
      0.507050     -2.311546  1
      0.515362     -2.318046  1
      0.523674     -2.325146  1
      0.531987     -2.332846  1
      0.540299     -2.341046  1
      0.548611     -2.298746  1
      0.556924     -2.236046  1
      0.565236     -2.173146  1
      0.573548     -2.109846  1
      0.581861     -2.046546  1
      0.590173     -1.983046  1
      0.598485     -1.919646  1
      0.606797     -1.856246  1
      0.615110     -1.792946  1
      0.623422     -1.729946  1
      0.631734     -1.667246  1
      0.640047     -1.604946  1
      0.648359     -1.543246  1
      0.656671     -1.482046  1
      0.664983     -1.421646  1
      0.673296     -1.362046  1
      0.681608     -1.303446  1
      0.689920     -1.245946  1
      0.698233     -1.189746  1
      0.706545     -1.134946  1
      0.714857     -1.081846  1
      0.723169     -1.030446  1
      0.731482     -0.981146  1
      0.739794     -0.934146  1
      0.748106     -0.889746  1
      0.756419     -0.848046  1
      0.764731     -0.809546  1
      0.773043     -0.774446  1
      0.781356     -0.743146  1
      0.789668     -0.715946  1
      0.797980     -0.693146  1
      0.806292     -0.675146  1
      0.814605     -0.662046  1
      0.822917     -0.654046  1
      0.831229     -0.651446  1
      0.839542     -0.654046  1
      0.847854     -0.662046  1
      0.856166     -0.675146  1
      0.864478     -0.693146  1
      0.872791     -0.715946  1
      0.881103     -0.743146  1
      0.889415     -0.774446  1
      0.897728     -0.809546  1
      0.906040     -0.848046  1
      0.914352     -0.889746  1
      0.922665     -0.934146  1
      0.930977     -0.981146  1
      0.939289     -1.030446  1
      0.947601     -1.081846  1
      0.955914     -1.134946  1
      0.964226     -1.189746  1
      0.972538     -1.245946  1
      0.980851     -1.303446  1
      0.989163     -1.362046  1
      0.997475     -1.421646  1
      1.005787     -1.482046  1
      1.014100     -1.543246  1
      1.022412     -1.604946  1
      1.030724     -1.667246  1
      1.039037     -1.729946  1
      1.047349     -1.792946  1
      1.055661     -1.856246  1
      1.063973     -1.919646  1
      1.072286     -1.983046  1
      1.080598     -2.046546  1
      1.088910     -2.109846  1
      1.097223     -2.173146  1
      1.105535     -2.236046  1
      1.113847     -2.298746  1
      1.122160     -2.341046  1
      1.130472     -2.332846  1
      1.138784     -2.325146  1
      1.147096     -2.318046  1
      1.155409     -2.311546  1
      1.163721     -2.305646  1
      1.172033     -2.300446  1
      1.180346     -2.296046  1
      1.188658     -2.292346  1
      1.196970     -2.289546  1
      1.205282     -2.287546  1
      1.213595     -2.286346  1
      1.221907     -2.286046  1
      1.230219     -2.286546  1
      1.238532     -2.287946  1
      1.246844     -2.290146  1
      1.255156     -2.293146  1
      1.263469     -2.297046  1
      1.271781     -2.301646  1
      1.280093     -2.306946  1
      1.288405     -2.312946  1
      1.296718     -2.319646  1
      1.305030     -2.326946  1
      1.313342     -2.334746  1
      1.321655     -2.342946  1
      1.329967     -2.284046  1
      1.338279     -2.221246  1
      1.346591     -2.158246  1
      1.354904     -2.094946  1
      1.363216     -2.031546  1
      1.371528     -1.968146  1
      1.379841     -1.904646  1
      1.388153     -1.841346  1
      1.396465     -1.778146  1
      1.404777     -1.715146  1
      1.413090     -1.652546  1
      1.421402     -1.590346  1
      1.429714     -1.528746  1
      1.438027     -1.467746  1
      1.446339     -1.407546  1
      1.454651     -1.348146  1
      1.462964     -1.289846  1
      1.471276     -1.232646  1
      1.479588     -1.176746  1
      1.487900     -1.122246  1
      1.496213     -1.069546  1
      1.504525     -1.018646  1
      1.512837     -0.969946  1
      1.521150     -0.923446  1
      1.529462     -0.879646  1
      1.537774     -0.838746  1
      1.546086     -0.800946  1
      1.554399     -0.766746  1
      1.562711     -0.736346  1
      1.571023     -0.710246  1
      1.579336     -0.688546  1
      1.587648     -0.671546  1
      1.595960     -0.659646  1
      1.604273     -0.652946  1
      1.612585     -0.651546  1
      1.620897     -0.655446  1
      1.629209     -0.664646  1
      1.637522     -0.678946  1
      1.645834     -0.698146  1
      1.654146     -0.721946  1
      1.662459     -0.750146  1


      0.000000      1.098954  1
      0.008312      1.075854  1
      0.016625      1.056254  1
      0.024937      1.040454  1
      0.033249      1.028654  1
      0.041561      1.021054  1
      0.049874      1.017854  1
      0.058186      1.019054  1
      0.066498      1.024554  1
      0.074811      1.034354  1
      0.083123      1.048354  1
      0.091435      1.066154  1
      0.099748      1.087654  1
      0.108060      1.112454  1
      0.116372      1.140354  1
      0.124684      1.170954  1
      0.132997      1.204154  1
      0.141309      1.239554  1
      0.149621      1.276954  1
      0.157934      1.316154  1
      0.166246      1.357054  1
      0.174558      1.399354  1
      0.182870      1.442954  1
      0.191183      1.487854  1
      0.199495      1.533854  1
      0.207807      1.580854  1
      0.216120      1.628854  1
      0.224432      1.677854  1
      0.232744      1.727554  1
      0.241056      1.778154  1
      0.249369      1.829554  1
      0.257681      1.881754  1
      0.265993      1.934554  1
      0.274306      1.988254  1
      0.282618      2.042554  1
      0.290930      2.097554  1
      0.299243      2.153254  1
      0.307555      2.209654  1
      0.315867      2.266654  1
      0.324179      2.320554  1
      0.332492      2.293054  1
      0.340804      2.266854  1
      0.349116      2.242254  1
      0.357429      2.219454  1
      0.365741      2.198354  1
      0.374053      2.179254  1
      0.382365      2.162254  1
      0.390678      2.147254  1
      0.398990      2.134354  1
      0.407302      2.123754  1
      0.415615      2.115354  1
      0.423927      2.109254  1
      0.432239      2.105454  1
      0.440552      2.103954  1
      0.448864      2.104854  1
      0.457176      2.108154  1
      0.465488      2.113654  1
      0.473801      2.121554  1
      0.482113      2.131654  1
      0.490425      2.143954  1
      0.498738      2.158454  1
      0.507050      2.175054  1
      0.515362      2.193754  1
      0.523674      2.214254  1
      0.531987      2.236754  1
      0.540299      2.260854  1
      0.548611      2.286754  1
      0.556924      2.314054  1
      0.565236      2.280154  1
      0.573548      2.222954  1
      0.581861      2.166454  1
      0.590173      2.110654  1
      0.598485      2.055454  1
      0.606797      2.000954  1
      0.615110      1.947154  1
      0.623422      1.894054  1
      0.631734      1.841754  1
      0.640047      1.790154  1
      0.648359      1.739454  1
      0.656671      1.689454  1
      0.664983      1.640354  1
      0.673296      1.592154  1
      0.681608      1.544854  1
      0.689920      1.498554  1
      0.698233      1.453454  1
      0.706545      1.409554  1
      0.714857      1.366854  1
      0.723169      1.325654  1
      0.731482      1.286054  1
      0.739794      1.248154  1
      0.748106      1.212254  1
      0.756419      1.178554  1
      0.764731      1.147354  1
      0.773043      1.118754  1
      0.781356      1.093154  1
      0.789668      1.070854  1
      0.797980      1.052154  1
      0.806292      1.037354  1
      0.814605      1.026454  1
      0.822917      1.019954  1
      0.831229      1.017754  1
      0.839542      1.019954  1
      0.847854      1.026454  1
      0.856166      1.037354  1
      0.864478      1.052154  1
      0.872791      1.070854  1
      0.881103      1.093154  1
      0.889415      1.118754  1
      0.897728      1.147354  1
      0.906040      1.178554  1
      0.914352      1.212254  1
      0.922665      1.248154  1
      0.930977      1.286054  1
      0.939289      1.325654  1
      0.947601      1.366854  1
      0.955914      1.409554  1
      0.964226      1.453454  1
      0.972538      1.498554  1
      0.980851      1.544854  1
      0.989163      1.592154  1
      0.997475      1.640354  1
      1.005787      1.689454  1
      1.014100      1.739454  1
      1.022412      1.790154  1
      1.030724      1.841754  1
      1.039037      1.894054  1
      1.047349      1.947154  1
      1.055661      2.000954  1
      1.063973      2.055454  1
      1.072286      2.110654  1
      1.080598      2.166454  1
      1.088910      2.222954  1
      1.097223      2.280154  1
      1.105535      2.314054  1
      1.113847      2.286754  1
      1.122160      2.260854  1
      1.130472      2.236754  1
      1.138784      2.214254  1
      1.147096      2.193754  1
      1.155409      2.175054  1
      1.163721      2.158454  1
      1.172033      2.143954  1
      1.180346      2.131654  1
      1.188658      2.121554  1
      1.196970      2.113654  1
      1.205282      2.108154  1
      1.213595      2.104854  1
      1.221907      2.103954  1
      1.230219      2.105454  1
      1.238532      2.109254  1
      1.246844      2.115354  1
      1.255156      2.123754  1
      1.263469      2.134354  1
      1.271781      2.147254  1
      1.280093      2.162254  1
      1.288405      2.179254  1
      1.296718      2.198354  1
      1.305030      2.219454  1
      1.313342      2.242254  1
      1.321655      2.266854  1
      1.329967      2.293054  1
      1.338279      2.320554  1
      1.346591      2.266654  1
      1.354904      2.209654  1
      1.363216      2.153254  1
      1.371528      2.097554  1
      1.379841      2.042554  1
      1.388153      1.988254  1
      1.396465      1.934554  1
      1.404777      1.881754  1
      1.413090      1.829554  1
      1.421402      1.778154  1
      1.429714      1.727554  1
      1.438027      1.677854  1
      1.446339      1.628854  1
      1.454651      1.580854  1
      1.462964      1.533854  1
      1.471276      1.487854  1
      1.479588      1.442954  1
      1.487900      1.399354  1
      1.496213      1.357054  1
      1.504525      1.316154  1
      1.512837      1.276954  1
      1.521150      1.239554  1
      1.529462      1.204154  1
      1.537774      1.170954  1
      1.546086      1.140354  1
      1.554399      1.112454  1
      1.562711      1.087654  1
      1.571023      1.066154  1
      1.579336      1.048354  1
      1.587648      1.034354  1
      1.595960      1.024554  1
      1.604273      1.019054  1
      1.612585      1.017854  1
      1.620897      1.021054  1
      1.629209      1.028654  1
      1.637522      1.040454  1
      1.645834      1.056254  1
      1.654146      1.075854  1
      1.662459      1.098954  1


      0.000000      1.279854  1
      0.008312      1.213054  1
      0.016625      1.154454  1
      0.024937      1.105654  1
      0.033249      1.068254  1
      0.041561      1.043654  1
      0.049874      1.033054  1
      0.058186      1.036854  1
      0.066498      1.054954  1
      0.074811      1.086554  1
      0.083123      1.130154  1
      0.091435      1.184354  1
      0.099748      1.247454  1
      0.108060      1.318054  1
      0.116372      1.394754  1
      0.124684      1.476554  1
      0.132997      1.562354  1
      0.141309      1.651554  1
      0.149621      1.743454  1
      0.157934      1.837554  1
      0.166246      1.933354  1
      0.174558      2.030554  1
      0.182870      2.128754  1
      0.191183      2.227654  1
      0.199495      2.326754  1
      0.207807      2.425154  1
      0.216120      2.520854  1
      0.224432      2.605654  1
      0.232744      2.648054  1
      0.241056      2.637354  1
      0.249369      2.609654  1
      0.257681      2.577554  1
      0.265993      2.544054  1
      0.274306      2.510354  1
      0.282618      2.476754  1
      0.290930      2.443754  1
      0.299243      2.411454  1
      0.307555      2.380054  1
      0.315867      2.349754  1
      0.324179      2.324454  1
      0.332492      2.382554  1
      0.340804      2.441454  1
      0.349116      2.500854  1
      0.357429      2.560754  1
      0.365741      2.621154  1
      0.374053      2.681854  1
      0.382365      2.742854  1
      0.390678      2.803854  1
      0.398990      2.864454  1
      0.407302      2.924054  1
      0.415615      2.981554  1
      0.423927      3.034254  1
      0.432239      3.076254  1
      0.440552      3.095854  1
      0.448864      3.083354  1
      0.457176      3.045454  1
      0.465488      2.994554  1
      0.473801      2.937854  1
      0.482113      2.878554  1
      0.490425      2.818154  1
      0.498738      2.757254  1
      0.507050      2.696254  1
      0.515362      2.635454  1
      0.523674      2.574954  1
      0.531987      2.514954  1
      0.540299      2.455354  1
      0.548611      2.396354  1
      0.556924      2.337954  1
      0.565236      2.342854  1
      0.573548      2.372854  1
      0.581861      2.403954  1
      0.590173      2.436054  1
      0.598485      2.468954  1
      0.606797      2.502454  1
      0.615110      2.536154  1
      0.623422      2.569754  1
      0.631734      2.602254  1
      0.640047      2.631554  1
      0.648359      2.648754  1
      0.656671      2.621154  1
      0.664983      2.542354  1
      0.673296      2.448054  1
      0.681608      2.350054  1
      0.689920      2.250954  1
      0.698233      2.152054  1
      0.706545      2.053554  1
      0.714857      1.956154  1
      0.723169      1.859954  1
      0.731482      1.765354  1
      0.739794      1.672954  1
      0.748106      1.583054  1
      0.756419      1.496354  1
      0.764731      1.413654  1
      0.773043      1.335654  1
      0.781356      1.263454  1
      0.789668      1.198454  1
      0.797980      1.142054  1
      0.806292      1.095754  1
      0.814605      1.061254  1
      0.822917      1.039854  1
      0.831229      1.032654  1
      0.839542      1.039854  1
      0.847854      1.061254  1
      0.856166      1.095754  1
      0.864478      1.142054  1
      0.872791      1.198454  1
      0.881103      1.263454  1
      0.889415      1.335654  1
      0.897728      1.413654  1
      0.906040      1.496354  1
      0.914352      1.583054  1
      0.922665      1.672954  1
      0.930977      1.765354  1
      0.939289      1.859954  1
      0.947601      1.956154  1
      0.955914      2.053554  1
      0.964226      2.152054  1
      0.972538      2.250954  1
      0.980851      2.350054  1
      0.989163      2.448054  1
      0.997475      2.542354  1
      1.005787      2.621154  1
      1.014100      2.648754  1
      1.022412      2.631554  1
      1.030724      2.602254  1
      1.039037      2.569754  1
      1.047349      2.536154  1
      1.055661      2.502454  1
      1.063973      2.468954  1
      1.072286      2.436054  1
      1.080598      2.403954  1
      1.088910      2.372854  1
      1.097223      2.342854  1
      1.105535      2.337954  1
      1.113847      2.396354  1
      1.122160      2.455354  1
      1.130472      2.514954  1
      1.138784      2.574954  1
      1.147096      2.635454  1
      1.155409      2.696254  1
      1.163721      2.757254  1
      1.172033      2.818154  1
      1.180346      2.878554  1
      1.188658      2.937854  1
      1.196970      2.994554  1
      1.205282      3.045454  1
      1.213595      3.083354  1
      1.221907      3.095854  1
      1.230219      3.076254  1
      1.238532      3.034254  1
      1.246844      2.981554  1
      1.255156      2.924054  1
      1.263469      2.864454  1
      1.271781      2.803854  1
      1.280093      2.742854  1
      1.288405      2.681854  1
      1.296718      2.621154  1
      1.305030      2.560754  1
      1.313342      2.500854  1
      1.321655      2.441454  1
      1.329967      2.382554  1
      1.338279      2.324454  1
      1.346591      2.349754  1
      1.354904      2.380054  1
      1.363216      2.411454  1
      1.371528      2.443754  1
      1.379841      2.476754  1
      1.388153      2.510354  1
      1.396465      2.544054  1
      1.404777      2.577554  1
      1.413090      2.609654  1
      1.421402      2.637354  1
      1.429714      2.648054  1
      1.438027      2.605654  1
      1.446339      2.520854  1
      1.454651      2.425154  1
      1.462964      2.326754  1
      1.471276      2.227654  1
      1.479588      2.128754  1
      1.487900      2.030554  1
      1.496213      1.933354  1
      1.504525      1.837554  1
      1.512837      1.743454  1
      1.521150      1.651554  1
      1.529462      1.562354  1
      1.537774      1.476554  1
      1.546086      1.394754  1
      1.554399      1.318054  1
      1.562711      1.247454  1
      1.571023      1.184354  1
      1.579336      1.130154  1
      1.587648      1.086554  1
      1.595960      1.054954  1
      1.604273      1.036854  1
      1.612585      1.033054  1
      1.620897      1.043654  1
      1.629209      1.068254  1
      1.637522      1.105654  1
      1.645834      1.154454  1
      1.654146      1.213054  1
      1.662459      1.279854  1


      0.000000      2.022054  1
      0.008312      1.963754  1
      0.016625      1.914354  1
      0.024937      1.874454  1
      0.033249      1.844854  1
      0.041561      1.825754  1
      0.049874      1.817654  1
      0.058186      1.820554  1
      0.066498      1.834454  1
      0.074811      1.859254  1
      0.083123      1.894354  1
      0.091435      1.939354  1
      0.099748      1.993554  1
      0.108060      2.056354  1
      0.116372      2.127054  1
      0.124684      2.204854  1
      0.132997      2.289054  1
      0.141309      2.379254  1
      0.149621      2.474554  1
      0.157934      2.574654  1
      0.166246      2.678954  1
      0.174558      2.786954  1
      0.182870      2.898354  1
      0.191183      2.876854  1
      0.199495      2.845054  1
      0.207807      2.813654  1
      0.216120      2.784954  1
      0.224432      2.767054  1
      0.232744      2.791554  1
      0.241056      2.869154  1
      0.249369      2.964054  1
      0.257681      3.063454  1
      0.265993      3.164654  1
      0.274306      3.266454  1
      0.282618      3.368654  1
      0.290930      3.471054  1
      0.299243      3.573454  1
      0.307555      3.675754  1
      0.315867      3.777954  1
      0.324179      3.879954  1
      0.332492      3.981754  1
      0.340804      4.082354  1
      0.349116      4.013554  1
      0.357429      3.943954  1
      0.365741      3.874554  1
      0.374053      3.805554  1
      0.382365      3.737254  1
      0.390678      3.669654  1
      0.398990      3.603454  1
      0.407302      3.539054  1
      0.415615      3.477854  1
      0.423927      3.422554  1
      0.432239      3.378854  1
      0.440552      3.358554  1
      0.448864      3.371454  1
      0.457176      3.410854  1
      0.465488      3.464154  1
      0.473801      3.524354  1
      0.482113      3.588054  1
      0.490425      3.653954  1
      0.498738      3.721254  1
      0.507050      3.789454  1
      0.515362      3.858254  1
      0.523674      3.927554  1
      0.531987      3.997154  1
      0.540299      4.066754  1
      0.548611      4.005654  1
      0.556924      3.903854  1
      0.565236      3.801954  1
      0.573548      3.699754  1
      0.581861      3.597554  1
      0.590173      3.495154  1
      0.598485      3.392754  1
      0.606797      3.290554  1
      0.615110      3.188554  1
      0.623422      3.087154  1
      0.631734      2.987154  1
      0.640047      2.890754  1
      0.648359      2.806554  1
      0.656671      2.767254  1
      0.664983      2.779154  1
      0.673296      2.806554  1
      0.681608      2.837554  1
      0.689920      2.869354  1
      0.698233      2.901054  1
      0.706545      2.812854  1
      0.714857      2.704054  1
      0.723169      2.598854  1
      0.731482      2.497754  1
      0.739794      2.401254  1
      0.748106      2.309854  1
      0.756419      2.224054  1
      0.764731      2.144654  1
      0.773043      2.072254  1
      0.781356      2.007554  1
      0.789668      1.951254  1
      0.797980      1.904054  1
      0.806292      1.866554  1
      0.814605      1.839354  1
      0.822917      1.822854  1
      0.831229      1.817354  1
      0.839542      1.822854  1
      0.847854      1.839354  1
      0.856166      1.866554  1
      0.864478      1.904054  1
      0.872791      1.951254  1
      0.881103      2.007554  1
      0.889415      2.072254  1
      0.897728      2.144654  1
      0.906040      2.224054  1
      0.914352      2.309854  1
      0.922665      2.401254  1
      0.930977      2.497754  1
      0.939289      2.598854  1
      0.947601      2.704054  1
      0.955914      2.812854  1
      0.964226      2.901054  1
      0.972538      2.869354  1
      0.980851      2.837554  1
      0.989163      2.806554  1
      0.997475      2.779154  1
      1.005787      2.767254  1
      1.014100      2.806554  1
      1.022412      2.890754  1
      1.030724      2.987154  1
      1.039037      3.087154  1
      1.047349      3.188554  1
      1.055661      3.290554  1
      1.063973      3.392754  1
      1.072286      3.495154  1
      1.080598      3.597554  1
      1.088910      3.699754  1
      1.097223      3.801954  1
      1.105535      3.903854  1
      1.113847      4.005654  1
      1.122160      4.066754  1
      1.130472      3.997154  1
      1.138784      3.927554  1
      1.147096      3.858254  1
      1.155409      3.789454  1
      1.163721      3.721254  1
      1.172033      3.653954  1
      1.180346      3.588054  1
      1.188658      3.524354  1
      1.196970      3.464154  1
      1.205282      3.410854  1
      1.213595      3.371454  1
      1.221907      3.358554  1
      1.230219      3.378854  1
      1.238532      3.422554  1
      1.246844      3.477854  1
      1.255156      3.539054  1
      1.263469      3.603454  1
      1.271781      3.669654  1
      1.280093      3.737254  1
      1.288405      3.805554  1
      1.296718      3.874554  1
      1.305030      3.943954  1
      1.313342      4.013554  1
      1.321655      4.082354  1
      1.329967      3.981754  1
      1.338279      3.879954  1
      1.346591      3.777954  1
      1.354904      3.675754  1
      1.363216      3.573454  1
      1.371528      3.471054  1
      1.379841      3.368654  1
      1.388153      3.266454  1
      1.396465      3.164654  1
      1.404777      3.063454  1
      1.413090      2.964054  1
      1.421402      2.869154  1
      1.429714      2.791554  1
      1.438027      2.767054  1
      1.446339      2.784954  1
      1.454651      2.813654  1
      1.462964      2.845054  1
      1.471276      2.876854  1
      1.479588      2.898354  1
      1.487900      2.786954  1
      1.496213      2.678954  1
      1.504525      2.574654  1
      1.512837      2.474554  1
      1.521150      2.379254  1
      1.529462      2.289054  1
      1.537774      2.204854  1
      1.546086      2.127054  1
      1.554399      2.056354  1
      1.562711      1.993554  1
      1.571023      1.939354  1
      1.579336      1.894354  1
      1.587648      1.859254  1
      1.595960      1.834454  1
      1.604273      1.820554  1
      1.612585      1.817654  1
      1.620897      1.825754  1
      1.629209      1.844854  1
      1.637522      1.874454  1
      1.645834      1.914354  1
      1.654146      1.963754  1
      1.662459      2.022054  1


      0.000000      3.142054  1
      0.008312      3.156354  1
      0.016625      3.168254  1
      0.024937      3.177654  1
      0.033249      3.184654  1
      0.041561      3.189054  1
      0.049874      3.190954  1
      0.058186      3.190354  1
      0.066498      3.187054  1
      0.074811      3.181254  1
      0.083123      3.172954  1
      0.091435      3.162254  1
      0.099748      3.149054  1
      0.108060      3.133554  1
      0.116372      3.115854  1
      0.124684      3.095954  1
      0.132997      3.074154  1
      0.141309      3.050354  1
      0.149621      3.024854  1
      0.157934      2.997654  1
      0.166246      2.969154  1
      0.174558      2.939354  1
      0.182870      2.908454  1
      0.191183      3.012754  1
      0.199495      3.129754  1
      0.207807      3.249154  1
      0.216120      3.370554  1
      0.224432      3.493854  1
      0.232744      3.618754  1
      0.241056      3.744954  1
      0.249369      3.872154  1
      0.257681      4.000154  1
      0.265993      4.128054  1
      0.274306      4.254554  1
      0.282618      4.373254  1
      0.290930      4.444154  1
      0.299243      4.415654  1
      0.307555      4.355754  1
      0.315867      4.289754  1
      0.324179      4.221654  1
      0.332492      4.152554  1
      0.340804      4.084054  1
      0.349116      4.184454  1
      0.357429      4.285354  1
      0.365741      4.385954  1
      0.374053      4.485954  1
      0.382365      4.585554  1
      0.390678      4.684354  1
      0.398990      4.782254  1
      0.407302      4.878854  1
      0.415615      4.973154  1
      0.465488      4.994854  1
      0.473801      4.901354  1
      0.482113      4.805154  1
      0.490425      4.707554  1
      0.498738      4.608854  1
      0.507050      4.509454  1
      0.515362      4.409554  1
      0.523674      4.309054  1
      0.531987      4.208254  1
      0.540299      4.107154  1
      0.548611      4.136254  1
      0.556924      4.205454  1
      0.565236      4.273854  1
      0.573548      4.340554  1
      0.581861      4.402654  1
      0.590173      4.444254  1
      0.598485      4.397454  1
      0.606797      4.283654  1
      0.615110      4.158054  1
      0.623422      4.030254  1
      0.631734      3.902254  1
      0.640047      3.774854  1
      0.648359      3.648354  1
      0.656671      3.523154  1
      0.664983      3.399454  1
      0.673296      3.277554  1
      0.681608      3.157654  1
      0.689920      3.040054  1
      0.698233      2.924954  1
      0.706545      2.932154  1
      0.714857      2.962254  1
      0.723169      2.991054  1
      0.731482      3.018554  1
      0.739794      3.044454  1
      0.748106      3.068654  1
      0.756419      3.091054  1
      0.764731      3.111354  1
      0.773043      3.129554  1
      0.781356      3.145654  1
      0.789668      3.159354  1
      0.797980      3.170654  1
      0.806292      3.179554  1
      0.814605      3.185954  1
      0.822917      3.189754  1
      0.831229      3.191054  1
      0.839542      3.189754  1
      0.847854      3.185954  1
      0.856166      3.179554  1
      0.864478      3.170654  1
      0.872791      3.159354  1
      0.881103      3.145654  1
      0.889415      3.129554  1
      0.897728      3.111354  1
      0.906040      3.091054  1
      0.914352      3.068654  1
      0.922665      3.044454  1
      0.930977      3.018554  1
      0.939289      2.991054  1
      0.947601      2.962254  1
      0.955914      2.932154  1
      0.964226      2.924954  1
      0.972538      3.040054  1
      0.980851      3.157654  1
      0.989163      3.277554  1
      0.997475      3.399454  1
      1.005787      3.523154  1
      1.014100      3.648354  1
      1.022412      3.774854  1
      1.030724      3.902254  1
      1.039037      4.030254  1
      1.047349      4.158054  1
      1.055661      4.283654  1
      1.063973      4.397454  1
      1.072286      4.444254  1
      1.080598      4.402654  1
      1.088910      4.340554  1
      1.097223      4.273854  1
      1.105535      4.205454  1
      1.113847      4.136254  1
      1.122160      4.107154  1
      1.130472      4.208254  1
      1.138784      4.309054  1
      1.147096      4.409554  1
      1.155409      4.509454  1
      1.163721      4.608854  1
      1.172033      4.707554  1
      1.180346      4.805154  1
      1.188658      4.901354  1
      1.196970      4.994854  1
      1.246844      4.973154  1
      1.255156      4.878854  1
      1.263469      4.782254  1
      1.271781      4.684354  1
      1.280093      4.585554  1
      1.288405      4.485954  1
      1.296718      4.385954  1
      1.305030      4.285354  1
      1.313342      4.184454  1
      1.321655      4.084054  1
      1.329967      4.152554  1
      1.338279      4.221654  1
      1.346591      4.289754  1
      1.354904      4.355754  1
      1.363216      4.415654  1
      1.371528      4.444154  1
      1.379841      4.373254  1
      1.388153      4.254554  1
      1.396465      4.128054  1
      1.404777      4.000154  1
      1.413090      3.872154  1
      1.421402      3.744954  1
      1.429714      3.618754  1
      1.438027      3.493854  1
      1.446339      3.370554  1
      1.454651      3.249154  1
      1.462964      3.129754  1
      1.471276      3.012754  1
      1.479588      2.908454  1
      1.487900      2.939354  1
      1.496213      2.969154  1
      1.504525      2.997654  1
      1.512837      3.024854  1
      1.521150      3.050354  1
      1.529462      3.074154  1
      1.537774      3.095954  1
      1.546086      3.115854  1
      1.554399      3.133554  1
      1.562711      3.149054  1
      1.571023      3.162254  1
      1.579336      3.172954  1
      1.587648      3.181254  1
      1.595960      3.187054  1
      1.604273      3.190354  1
      1.612585      3.190954  1
      1.620897      3.189054  1
      1.629209      3.184654  1
      1.637522      3.177654  1
      1.645834      3.168254  1
      1.654146      3.156354  1
      1.662459      3.142054  1


      0.232744      4.974754  1
      0.241056      4.912454  1
      0.249369      4.849054  1
      0.257681      4.785154  1
      0.265993      4.721154  1
      0.274306      4.658654  1
      0.282618      4.603954  1
      0.290930      4.596954  1
      0.299243      4.689454  1
      0.307555      4.813354  1
      0.315867      4.943354  1
      0.565236      4.974254  1
      0.573548      4.843654  1
      0.581861      4.717554  1
      0.590173      4.611954  1
      0.598485      4.594754  1
      0.606797      4.644654  1
      0.615110      4.706154  1
      0.623422      4.770054  1
      0.631734      4.834054  1
      0.640047      4.897554  1
      0.648359      4.960154  1
      1.014100      4.960154  1
      1.022412      4.897554  1
      1.030724      4.834054  1
      1.039037      4.770054  1
      1.047349      4.706154  1
      1.055661      4.644654  1
      1.063973      4.594754  1
      1.072286      4.611954  1
      1.080598      4.717554  1
      1.088910      4.843654  1
      1.097223      4.974254  1
      1.346591      4.943354  1
      1.354904      4.813354  1
      1.363216      4.689454  1
      1.371528      4.596954  1
      1.379841      4.603954  1
      1.388153      4.658654  1
      1.396465      4.721154  1
      1.404777      4.785154  1
      1.413090      4.849054  1
      1.421402      4.912454  1
      1.429714      4.974754  1


