# EIG2DOS: Utility for SIESTA to obtain the electronic density of states
#  E. Artacho, Apr 1999, A. Garcia, Apr 2012
#  Nick R. Papior, Feb 2017
# ------------------------------------------
# Eigenvalues calculated from a non-polarized calculation
# Eigenvalues read from 7-AGNR.EIG
# Kpoint weights read from 7-AGNR.KP
# Using smearing parameter:   0.1000
# Using 500 points in the energy range
# Selected bands: 1 to: 202
# Emin, Emax in file for selected band(s):    -22.1427576    197.5417180
# Nbands, Nspin, Nk   =    202     1    41
# E_F                 =    -3.3762 eV --> (shifted to ZERO)
# Broadening          =     0.1000 eV
#
#        E            N(up)  (=)   N(down)         Ntot
     -5.000000      2.086269      2.086269      4.172537
     -4.979960      2.083223      2.083223      4.166446
     -4.959920      2.083201      2.083201      4.166402
     -4.939880      2.085840      2.085840      4.171679
     -4.919840      2.091031      2.091031      4.182062
     -4.899800      2.098916      2.098916      4.197832
     -4.879760      2.109852      2.109852      4.219704
     -4.859719      2.124602      2.124602      4.249204
     -4.839679      2.144843      2.144843      4.289686
     -4.819639      2.173841      2.173841      4.347683
     -4.799599      2.217055      2.217055      4.434111
     -4.779559      2.282407      2.282407      4.564815
     -4.759519      2.379951      2.379951      4.759902
     -4.739479      2.520608      2.520608      5.041217
     -4.719439      2.713777      2.713777      5.427555
     -4.699399      2.964119      2.964119      5.928238
     -4.679359      3.268517      3.268517      6.537033
     -4.659319      3.614538      3.614538      7.229076
     -4.639279      3.981260      3.981260      7.962520
     -4.619238      4.342235      4.342235      8.684471
     -4.599198      4.669465      4.669465      9.338930
     -4.579158      4.937087      4.937087      9.874173
     -4.559118      5.124101      5.124101     10.248203
     -4.539078      5.216081      5.216081     10.432163
     -4.519038      5.206031      5.206031     10.412063
     -4.498998      5.094508      5.094508     10.189017
     -4.478958      4.889147      4.889147      9.778294
     -4.458918      4.603908      4.603908      9.207816
     -4.438878      4.258319      4.258319      8.516638
     -4.418838      3.876556      3.876556      7.753113
     -4.398798      3.485806      3.485806      6.971613
     -4.378758      3.113468      3.113468      6.226937
     -4.358717      2.783487      2.783487      5.566974
     -4.338677      2.512824      2.512824      5.025647
     -4.318637      2.309237      2.309237      4.618475
     -4.298597      2.171063      2.171063      4.342127
     -4.278557      2.088923      2.088923      4.177845
     -4.258517      2.048724      2.048724      4.097448
     -4.238477      2.035073      2.035073      4.070146
     -4.218437      2.034248      2.034248      4.068495
     -4.198397      2.036155      2.036155      4.072310
     -4.178357      2.035063      2.035063      4.070126
     -4.158317      2.029225      2.029225      4.058451
     -4.138277      2.019720      2.019720      4.039441
     -4.118236      2.008891      2.008891      4.017782
     -4.098196      1.998747      1.998747      3.997495
     -4.078156      1.989675      1.989675      3.979350
     -4.058116      1.979726      1.979726      3.959453
     -4.038076      1.964709      1.964709      3.929419
     -4.018036      1.939202      1.939202      3.878403
     -3.997996      1.898448      1.898448      3.796895
     -3.977956      1.840755      1.840755      3.681511
     -3.957916      1.769544      1.769544      3.539088
     -3.937876      1.693961      1.693961      3.387921
     -3.917836      1.627293      1.627293      3.254586
     -3.897796      1.583330      1.583330      3.166659
     -3.877756      1.571917      1.571917      3.143835
     -3.857715      1.595551      1.595551      3.191103
     -3.837675      1.648501      1.648501      3.297002
     -3.817635      1.718841      1.718841      3.437683
     -3.797595      1.792456      1.792456      3.584911
     -3.777555      1.857283      1.857283      3.714565
     -3.757515      1.906196      1.906196      3.812393
     -3.737475      1.937727      1.937727      3.875454
     -3.717435      1.954863      1.954863      3.909727
     -3.697395      1.962871      1.962871      3.925742
     -3.677355      1.967183      1.967183      3.934365
     -3.657315      1.972049      1.972049      3.944098
     -3.637275      1.980135      1.980135      3.960269
     -3.617234      1.992813      1.992813      3.985627
     -3.597194      2.010743      2.010743      4.021485
     -3.577154      2.034372      2.034372      4.068744
     -3.557114      2.064262      2.064262      4.128525
     -3.537074      2.101307      2.101307      4.202613
     -3.517034      2.146957      2.146957      4.293914
     -3.496994      2.203443      2.203443      4.406886
     -3.476954      2.273788      2.273788      4.547576
     -3.456914      2.361399      2.361399      4.722797
     -3.436874      2.469073      2.469073      4.938145
     -3.416834      2.597329      2.597329      5.194658
     -3.396794      2.742145      2.742145      5.484289
     -3.376754      2.892606      2.892606      5.785213
     -3.356713      3.029648      3.029648      6.059295
     -3.336673      3.127346      3.127346      6.254691
     -3.316633      3.157649      3.157649      6.315298
     -3.296593      3.097766      3.097766      6.195533
     -3.276553      2.937693      2.937693      5.875387
     -3.256513      2.684710      2.684710      5.369420
     -3.236473      2.362730      2.362730      4.725460
     -3.216433      2.006616      2.006616      4.013232
     -3.196393      1.653670      1.653670      3.307340
     -3.176353      1.335457      1.335457      2.670914
     -3.156313      1.072571      1.072571      2.145142
     -3.136273      0.873458      0.873458      1.746916
     -3.116232      0.736703      0.736703      1.473405
     -3.096192      0.655020      0.655020      1.310041
     -3.076152      0.618990      0.618990      1.237980
     -3.056112      0.619267      0.619267      1.238534
     -3.036072      0.647128      0.647128      1.294256
     -3.016032      0.694065      0.694065      1.388130
     -2.995992      0.751387      0.751387      1.502773
     -2.975952      0.810418      0.810418      1.620836
     -2.955912      0.863358      0.863358      1.726716
     -2.935872      0.904442      0.904442      1.808883
     -2.915832      0.930888      0.930888      1.861777
     -2.895792      0.943221      0.943221      1.886442
     -2.875752      0.944844      0.944844      1.889689
     -2.855711      0.941190      0.941190      1.882381
     -2.835671      0.939023      0.939023      1.878046
     -2.815631      0.946434      0.946434      1.892868
     -2.795591      0.973526      0.973526      1.947052
     -2.775551      1.033092      1.033092      2.066185
     -2.755511      1.140119      1.140119      2.280237
     -2.735471      1.309090      1.309090      2.618181
     -2.715431      1.548985      1.548985      3.097969
     -2.695391      1.857204      1.857204      3.714409
     -2.675351      2.214939      2.214939      4.429879
     -2.655311      2.586699      2.586699      5.173398
     -2.635271      2.925593      2.925593      5.851185
     -2.615230      3.183633      3.183633      6.367266
     -2.595190      3.324065      3.324065      6.648130
     -2.575150      3.331710      3.331710      6.663421
     -2.555110      3.217995      3.217995      6.435991
     -2.535070      3.019193      3.019193      6.038386
     -2.515030      2.788381      2.788381      5.576761
     -2.494990      2.583143      2.583143      5.166286
     -2.474950      2.452014      2.452014      4.904028
     -2.454910      2.423102      2.423102      4.846204
     -2.434870      2.497987      2.497987      4.995974
     -2.414830      2.652506      2.652506      5.305012
     -2.394790      2.843810      2.843810      5.687620
     -2.374749      3.021123      3.021123      6.042245
     -2.354709      3.136989      3.136989      6.273978
     -2.334669      3.156569      3.156569      6.313138
     -2.314629      3.063719      3.063719      6.127438
     -2.294589      2.863321      2.863321      5.726642
     -2.274549      2.579440      2.579440      5.158879
     -2.254509      2.249290      2.249290      4.498580
     -2.234469      1.914151      1.914151      3.828302
     -2.214429      1.609815      1.609815      3.219630
     -2.194389      1.359682      1.359682      2.719365
     -2.174349      1.172511      1.172511      2.345021
     -2.154309      1.044700      1.044700      2.089400
     -2.134269      0.965184      0.965184      1.930368
     -2.114228      0.920507      0.920507      1.841014
     -2.094188      0.898448      0.898448      1.796897
     -2.074148      0.889757      0.889757      1.779514
     -2.054108      0.888402      0.888402      1.776804
     -2.034068      0.890990      0.890990      1.781980
     -2.014028      0.895888      0.895888      1.791775
     -1.993988      0.902421      0.902421      1.804843
     -1.973948      0.910362      0.910362      1.820725
     -1.953908      0.919742      0.919742      1.839485
     -1.933868      0.930857      0.930857      1.861714
     -1.913828      0.944266      0.944266      1.888532
     -1.893788      0.960712      0.960712      1.921424
     -1.873747      0.981010      0.981010      1.962019
     -1.853707      1.005935      1.005935      2.011870
     -1.833667      1.036000      1.036000      2.071999
     -1.813627      1.070939      1.070939      2.141879
     -1.793587      1.108929      1.108929      2.217857
     -1.773547      1.145892      1.145892      2.291785
     -1.753507      1.175473      1.175473      2.350946
     -1.733467      1.190037      1.190037      2.380073
     -1.713427      1.182628      1.182628      2.365256
     -1.693387      1.149257      1.149257      2.298514
     -1.673347      1.090628      1.090628      2.181256
     -1.653307      1.012513      1.012513      2.025025
     -1.633267      0.924470      0.924470      1.848940
     -1.613226      0.837294      0.837294      1.674589
     -1.593186      0.760179      0.760179      1.520359
     -1.573146      0.698711      0.698711      1.397423
     -1.553106      0.654368      0.654368      1.308735
     -1.533066      0.625411      0.625411      1.250823
     -1.513026      0.608454      0.608454      1.216909
     -1.492986      0.599860      0.599860      1.199721
     -1.472946      0.596554      0.596554      1.193109
     -1.452906      0.596284      0.596284      1.192568
     -1.432866      0.597591      0.597591      1.195181
     -1.412826      0.599676      0.599676      1.199352
     -1.392786      0.602207      0.602207      1.204413
     -1.372745      0.605082      0.605082      1.210164
     -1.352705      0.608252      0.608252      1.216504
     -1.332665      0.611656      0.611656      1.223312
     -1.312625      0.615268      0.615268      1.230536
     -1.292585      0.619128      0.619128      1.238255
     -1.272545      0.623302      0.623302      1.246604
     -1.252505      0.627828      0.627828      1.255656
     -1.232465      0.632701      0.632701      1.265402
     -1.212425      0.637928      0.637928      1.275856
     -1.192385      0.643558      0.643558      1.287116
     -1.172345      0.649668      0.649668      1.299335
     -1.152305      0.656318      0.656318      1.312636
     -1.132265      0.663552      0.663552      1.327104
     -1.112224      0.671425      0.671425      1.342849
     -1.092184      0.680029      0.680029      1.360059
     -1.072144      0.689489      0.689489      1.378977
     -1.052104      0.699936      0.699936      1.399872
     -1.032064      0.711521      0.711521      1.423042
     -1.012024      0.724437      0.724437      1.448874
     -0.991984      0.738949      0.738949      1.477899
     -0.971944      0.755415      0.755415      1.510829
     -0.951904      0.774311      0.774311      1.548622
     -0.931864      0.796302      0.796302      1.592604
     -0.911824      0.822318      0.822318      1.644635
     -0.891784      0.853630      0.853630      1.707260
     -0.871743      0.891852      0.891852      1.783703
     -0.851703      0.938749      0.938749      1.877498
     -0.831663      0.995732      0.995732      1.991464
     -0.811623      1.062898      1.062898      2.125795
     -0.791583      1.137704      1.137704      2.275407
     -0.771543      1.213654      1.213654      2.427308
     -0.751503      1.279733      1.279733      2.559466
     -0.731463      1.321391      1.321391      2.642781
     -0.711423      1.323480      1.323480      2.646959
     -0.691383      1.274618      1.274618      2.549236
     -0.671343      1.171482      1.171482      2.342963
     -0.651303      1.021096      1.021096      2.042191
     -0.631263      0.839823      0.839823      1.679646
     -0.611222      0.649186      0.649186      1.298372
     -0.591182      0.470163      0.470163      0.940326
     -0.571142      0.318239      0.318239      0.636478
     -0.551102      0.200925      0.200925      0.401851
     -0.531062      0.118145      0.118145      0.236290
     -0.511022      0.064617      0.064617      0.129234
     -0.490982      0.032839      0.032839      0.065677
     -0.470942      0.015494      0.015494      0.030988
     -0.450902      0.006782      0.006782      0.013565
     -0.430862      0.002753      0.002753      0.005505
     -0.410822      0.001035      0.001035      0.002071
     -0.390782      0.000361      0.000361      0.000721
     -0.370741      0.000116      0.000116      0.000233
     -0.350701      0.000035      0.000035      0.000070
     -0.330661      0.000010      0.000010      0.000019
     -0.310621      0.000002      0.000002      0.000005
     -0.290581      0.000001      0.000001      0.000001
     -0.270541      0.000000      0.000000      0.000000
     -0.250501      0.000000      0.000000      0.000000
     -0.230461      0.000000      0.000000      0.000000
     -0.210421      0.000000      0.000000      0.000000
     -0.190381      0.000000      0.000000      0.000000
     -0.170341      0.000000      0.000000      0.000000
     -0.150301      0.000000      0.000000      0.000000
     -0.130261      0.000000      0.000000      0.000000
     -0.110220      0.000000      0.000000      0.000000
     -0.090180      0.000000      0.000000      0.000000
     -0.070140      0.000000      0.000000      0.000000
     -0.050100      0.000000      0.000000      0.000000
     -0.030060      0.000000      0.000000      0.000000
     -0.010020      0.000000      0.000000      0.000000
      0.010020      0.000000      0.000000      0.000000
      0.030060      0.000000      0.000000      0.000000
      0.050100      0.000000      0.000000      0.000000
      0.070140      0.000000      0.000000      0.000000
      0.090180      0.000000      0.000000      0.000000
      0.110220      0.000000      0.000000      0.000000
      0.130261      0.000000      0.000000      0.000000
      0.150301      0.000000      0.000000      0.000000
      0.170341      0.000000      0.000000      0.000000
      0.190381      0.000000      0.000000      0.000000
      0.210421      0.000000      0.000000      0.000000
      0.230461      0.000000      0.000000      0.000000
      0.250501      0.000000      0.000000      0.000000
      0.270541      0.000000      0.000000      0.000000
      0.290581      0.000000      0.000000      0.000000
      0.310621      0.000000      0.000000      0.000000
      0.330661      0.000000      0.000000      0.000000
      0.350701      0.000000      0.000000      0.000000
      0.370741      0.000000      0.000000      0.000000
      0.390782      0.000000      0.000000      0.000000
      0.410822      0.000000      0.000000      0.000000
      0.430862      0.000000      0.000000      0.000000
      0.450902      0.000000      0.000000      0.000000
      0.470942      0.000000      0.000000      0.000000
      0.490982      0.000000      0.000000      0.000000
      0.511022      0.000000      0.000000      0.000000
      0.531062      0.000000      0.000000      0.000000
      0.551102      0.000000      0.000000      0.000000
      0.571142      0.000000      0.000000      0.000000
      0.591182      0.000000      0.000000      0.000000
      0.611222      0.000000      0.000000      0.000000
      0.631263      0.000000      0.000000      0.000000
      0.651303      0.000000      0.000000      0.000001
      0.671343      0.000002      0.000002      0.000004
      0.691383      0.000008      0.000008      0.000016
      0.711423      0.000029      0.000029      0.000059
      0.731463      0.000100      0.000100      0.000200
      0.751503      0.000317      0.000317      0.000634
      0.771543      0.000928      0.000928      0.001856
      0.791583      0.002516      0.002516      0.005031
      0.811623      0.006314      0.006314      0.012629
      0.831663      0.014683      0.014683      0.029366
      0.851703      0.031645      0.031645      0.063290
      0.871743      0.063254      0.063254      0.126508
      0.891784      0.117352      0.117352      0.234704
      0.911824      0.202267      0.202267      0.404535
      0.931864      0.324274      0.324274      0.648548
      0.951904      0.484284      0.484284      0.968567
      0.971944      0.675023      0.675023      1.350046
      0.991984      0.880297      0.880297      1.760593
      1.012024      1.077441      1.077441      2.154883
      1.032064      1.242680      1.242680      2.485360
      1.052104      1.357531      1.357531      2.715061
      1.072144      1.413663      1.413663      2.827325
      1.092184      1.414249      1.414249      2.828498
      1.112224      1.371533      1.371533      2.743065
      1.132265      1.302063      1.302063      2.604127
      1.152305      1.221786      1.221786      2.443573
      1.172345      1.142742      1.142742      2.285483
      1.192385      1.071963      1.071963      2.143926
      1.212425      1.012135      1.012135      2.024271
      1.232465      0.963075      0.963075      1.926149
      1.252505      0.923205      0.923205      1.846410
      1.272545      0.890601      0.890601      1.781202
      1.292585      0.863526      0.863526      1.727053
      1.312625      0.840623      0.840623      1.681247
      1.332665      0.820908      0.820908      1.641815
      1.352705      0.803689      0.803689      1.607378
      1.372745      0.788475      0.788475      1.576949
      1.392786      0.774888      0.774888      1.549777
      1.412826      0.762638      0.762638      1.525276
      1.432866      0.751513      0.751513      1.503026
      1.452906      0.741374      0.741374      1.482747
      1.472946      0.732105      0.732105      1.464210
      1.492986      0.723579      0.723579      1.447158
      1.513026      0.715668      0.715668      1.431337
      1.533066      0.708309      0.708309      1.416619
      1.553106      0.701537      0.701537      1.403074
      1.573146      0.695478      0.695478      1.390956
      1.593186      0.690370      0.690370      1.380740
      1.613226      0.686725      0.686725      1.373450
      1.633267      0.685626      0.685626      1.371252
      1.653307      0.689001      0.689001      1.378003
      1.673347      0.699654      0.699654      1.399309
      1.693387      0.720918      0.720918      1.441836
      1.713427      0.755908      0.755908      1.511815
      1.733467      0.806429      0.806429      1.612857
      1.753507      0.871729      0.871729      1.743458
      1.773547      0.947548      0.947548      1.895096
      1.793587      1.026116      1.026116      2.052231
      1.813627      1.097564      1.097564      2.195128
      1.833667      1.152546      1.152546      2.305092
      1.853707      1.185053      1.185053      2.370106
      1.873747      1.194200      1.194200      2.388400
      1.893788      1.184310      1.184310      2.368619
      1.913828      1.163628      1.163628      2.327257
      1.933868      1.142635      1.142635      2.285271
      1.953908      1.132679      1.132679      2.265358
      1.973948      1.144932      1.144932      2.289864
      1.993988      1.189061      1.189061      2.378121
      2.014028      1.271152      1.271152      2.542303
      2.034068      1.391188      1.391188      2.782375
      2.054108      1.541169      1.541169      3.082337
      2.074148      1.705183      1.705183      3.410367
      2.094188      1.862125      1.862125      3.724251
      2.114228      1.990593      1.990593      3.981185
      2.134269      2.074387      2.074387      4.148773
      2.154309      2.106567      2.106567      4.213133
      2.174349      2.090505      2.090505      4.181010
      2.194389      2.037670      2.037670      4.075339
      2.214429      1.963264      1.963264      3.926528
      2.234469      1.881659      1.881659      3.763319
      2.254509      1.803326      1.803326      3.606653
      2.274549      1.733961      1.733961      3.467922
      2.294589      1.675373      1.675373      3.350747
      2.314629      1.627086      1.627086      3.254172
      2.334669      1.587717      1.587717      3.175435
      2.354709      1.555757      1.555757      3.111513
      2.374749      1.529845      1.529845      3.059690
      2.394790      1.508859      1.508859      3.017718
      2.414830      1.491990      1.491990      2.983980
      2.434870      1.478820      1.478820      2.957639
      2.454910      1.469279      1.469279      2.938557
      2.474950      1.463369      1.463369      2.926739
      2.494990      1.460643      1.460643      2.921286
      2.515030      1.459560      1.459560      2.919120
      2.535070      1.457028      1.457028      2.914056
      2.555110      1.448488      1.448488      2.896975
      2.575150      1.428831      1.428831      2.857661
      2.595190      1.394116      1.394116      2.788232
      2.615230      1.343613      1.343613      2.687225
      2.635271      1.281342      1.281342      2.562683
      2.655311      1.216255      1.216255      2.432509
      2.675351      1.160572      1.160572      2.321145
      2.695391      1.126525      1.126525      2.253050
      2.715431      1.122493      1.122493      2.244987
      2.735471      1.150016      1.150016      2.300032
      2.755511      1.203010      1.203010      2.406021
      2.775551      1.269732      1.269732      2.539464
      2.795591      1.336801      1.336801      2.673601
      2.815631      1.393585      1.393585      2.787170
      2.835671      1.435058      1.435058      2.870117
      2.855711      1.462076      1.462076      2.924152
      2.875752      1.479423      1.479423      2.958846
      2.895792      1.493034      1.493034      2.986068
      2.915832      1.507881      1.507881      3.015761
      2.935872      1.527223      1.527223      3.054446
      2.955912      1.552897      1.552897      3.105794
      2.975952      1.585808      1.585808      3.171616
      2.995992      1.625999      1.625999      3.251998
      3.016032      1.672221      1.672221      3.344441
      3.036072      1.721380      1.721380      3.442760
      3.056112      1.768252      1.768252      3.536503
      3.076152      1.805623      1.805623      3.611247
      3.096192      1.824854      1.824854      3.649707
      3.116232      1.816838      1.816838      3.633676
      3.136273      1.773487      1.773487      3.546974
      3.156313      1.689754      1.689754      3.379507
      3.176353      1.565886      1.565886      3.131773
      3.196393      1.409120      1.409120      2.818240
      3.216433      1.233805      1.233805      2.467611
      3.236473      1.059327      1.059327      2.118654
      3.256513      0.905980      0.905980      1.811960
      3.276553      0.789937      0.789937      1.579875
      3.296593      0.719044      0.719044      1.438088
      3.316633      0.691095      0.691095      1.382191
      3.336673      0.695412      0.695412      1.390823
      3.356713      0.717132      0.717132      1.434265
      3.376754      0.742398      0.742398      1.484796
      3.396794      0.762149      0.762149      1.524297
      3.416834      0.773089      0.773089      1.546179
      3.436874      0.776013      0.776013      1.552026
      3.456914      0.773090      0.773090      1.546181
      3.476954      0.765984      0.765984      1.531968
      3.496994      0.755628      0.755628      1.511255
      3.517034      0.743094      0.743094      1.486188
      3.537074      0.730265      0.730265      1.460530
      3.557114      0.719468      0.719468      1.438936
      3.577154      0.712320      0.712320      1.424640
      3.597194      0.708773      0.708773      1.417546
      3.617234      0.707190      0.707190      1.414381
      3.637275      0.705436      0.705436      1.410871
      3.657315      0.702197      0.702197      1.404395
      3.677355      0.697663      0.697663      1.395327
      3.697395      0.693187      0.693187      1.386374
      3.717435      0.690278      0.690278      1.380556
      3.737475      0.689602      0.689602      1.379203
      3.757515      0.690560      0.690560      1.381121
      3.777555      0.691651      0.691651      1.383302
      3.797595      0.691358      0.691358      1.382715
      3.817635      0.689086      0.689086      1.378173
      3.837675      0.685597      0.685597      1.371195
      3.857715      0.682608      0.682608      1.365216
      3.877756      0.681711      0.681711      1.363422
      3.897796      0.683246      0.683246      1.366493
      3.917836      0.685928      0.685928      1.371857
      3.937876      0.687619      0.687619      1.375238
      3.957916      0.686816      0.686816      1.373632
      3.977956      0.683806      0.683806      1.367612
      3.997996      0.680563      0.680563      1.361127
      4.018036      0.679379      0.679379      1.358757
      4.038076      0.681182      0.681182      1.362365
      4.058116      0.684844      0.684844      1.369689
      4.078156      0.687998      0.687998      1.375996
      4.098196      0.688786      0.688786      1.377571
      4.118236      0.687201      0.687201      1.374402
      4.138277      0.685049      0.685049      1.370098
      4.158317      0.684622      0.684622      1.369244
      4.178357      0.687145      0.687145      1.374290
      4.198397      0.692121      0.692121      1.384242
      4.218437      0.697947      0.697947      1.395893
      4.238477      0.703206      0.703206      1.406411
      4.258517      0.707648      0.707648      1.415295
      4.278557      0.712175      0.712175      1.424351
      4.298597      0.717890      0.717890      1.435780
      4.318637      0.724810      0.724810      1.449620
      4.338677      0.731002      0.731002      1.462005
      4.358717      0.732607      0.732607      1.465214
      4.378758      0.724879      0.724879      1.449759
      4.398798      0.703984      0.703984      1.407968
      4.418838      0.668955      0.668955      1.337910
      4.438878      0.623023      0.623023      1.246046
      4.458918      0.573562      0.573562      1.147125
      4.478958      0.530393      0.530393      1.060786
      4.498998      0.502918      0.502918      1.005836
      4.519038      0.497191      0.497191      0.994381
      4.539078      0.514096      0.514096      1.028193
      4.559118      0.549335      0.549335      1.098669
      4.579158      0.595082      0.595082      1.190165
      4.599198      0.642558      0.642558      1.285115
      4.619238      0.684451      0.684451      1.368901
      4.639279      0.716405      0.716405      1.432809
      4.659319      0.737207      0.737207      1.474414
      4.679359      0.747943      0.747943      1.495885
      4.699399      0.750744      0.750744      1.501489
      4.719439      0.747864      0.747864      1.495728
      4.739479      0.741406      0.741406      1.482811
      4.759519      0.733531      0.733531      1.467063
      4.779559      0.726565      0.726565      1.453130
      4.799599      0.722552      0.722552      1.445104
      4.819639      0.722402      0.722402      1.444804
      4.839679      0.725297      0.725297      1.450594
      4.859719      0.729040      0.729040      1.458079
      4.879760      0.731373      0.731373      1.462745
      4.899800      0.731480      0.731480      1.462960
      4.919840      0.730596      0.730596      1.461192
      4.939880      0.731231      0.731231      1.462462
      4.959920      0.735505      0.735505      1.471010
      4.979960      0.743777      0.743777      1.487553
      5.000000      0.754476      0.754476      1.508952
