               -163.7939920549
          0.000000356      -0.000000000      -0.000000000
         -0.000000000      -0.000012932      -0.000000000
          0.000000000      -0.000000000       0.000000024
          18
  1     1      -0.001121015       0.000185342       0.000000000  H
  1     1      -0.001121014      -0.000185342       0.000000000  H
  1     1       0.000820717      -0.000606634       0.000000000  H
  1     1       0.000820717       0.000606634       0.000000000  H
  2     6      -0.000100616       0.000121679      -0.000000000  C
  2     6       0.001608207       0.000489173      -0.000000000  C
  2     6       0.001608208      -0.000489172      -0.000000000  C
  2     6      -0.000100617      -0.000121678      -0.000000000  C
  2     6      -0.000119037       0.001266500      -0.000000000  C
  2     6       0.000340834       0.000299315       0.000000000  C
  2     6       0.000340834      -0.000299316       0.000000001  C
  2     6      -0.000119035      -0.001266500      -0.000000000  C
  2     6      -0.001019921       0.000022713      -0.000000000  C
  2     6       0.000763547       0.000759024       0.000000001  C
  2     6       0.000763546      -0.000759022       0.000000000  C
  2     6      -0.001019921      -0.000022714      -0.000000000  C
  2     6      -0.001911556      -0.000279258       0.000000000  C
  2     6      -0.001911556       0.000279257       0.000000000  C
