    41
     1    0.000000    0.000000    0.000000       0.012346
     2    0.000000    0.009622    0.000000       0.024691
     3    0.000000    0.019244    0.000000       0.024691
     4    0.000000    0.028867    0.000000       0.024691
     5    0.000000    0.038489    0.000000       0.024691
     6    0.000000    0.048111    0.000000       0.024691
     7    0.000000    0.057733    0.000000       0.024691
     8    0.000000    0.067355    0.000000       0.024691
     9    0.000000    0.076978    0.000000       0.024691
    10    0.000000    0.086600    0.000000       0.024691
    11    0.000000    0.096222    0.000000       0.024691
    12    0.000000    0.105844    0.000000       0.024691
    13    0.000000    0.115467    0.000000       0.024691
    14    0.000000    0.125089    0.000000       0.024691
    15    0.000000    0.134711    0.000000       0.024691
    16    0.000000    0.144333    0.000000       0.024691
    17    0.000000    0.153955    0.000000       0.024691
    18    0.000000    0.163578    0.000000       0.024691
    19    0.000000    0.173200    0.000000       0.024691
    20    0.000000    0.182822    0.000000       0.024691
    21    0.000000    0.192444    0.000000       0.024691
    22    0.000000    0.202066    0.000000       0.024691
    23    0.000000    0.211689    0.000000       0.024691
    24    0.000000    0.221311    0.000000       0.024691
    25    0.000000    0.230933    0.000000       0.024691
    26    0.000000    0.240555    0.000000       0.024691
    27    0.000000    0.250178    0.000000       0.024691
    28    0.000000    0.259800    0.000000       0.024691
    29    0.000000    0.269422    0.000000       0.024691
    30    0.000000    0.279044    0.000000       0.024691
    31    0.000000    0.288666    0.000000       0.024691
    32    0.000000    0.298289    0.000000       0.024691
    33    0.000000    0.307911    0.000000       0.024691
    34    0.000000    0.317533    0.000000       0.024691
    35    0.000000    0.327155    0.000000       0.024691
    36    0.000000    0.336777    0.000000       0.024691
    37    0.000000    0.346400    0.000000       0.024691
    38    0.000000    0.356022    0.000000       0.024691
    39    0.000000    0.365644    0.000000       0.024691
    40    0.000000    0.375266    0.000000       0.024691
    41    0.000000    0.384889    0.000000       0.024691
