               -165.1496726606
          0.000002392       0.000000000      -0.000000000
         -0.000000000      -0.000038146      -0.000000000
          0.000000000      -0.000000000       0.000000004
          14
  1     6      -0.004803956      -0.036139616       0.000000000  C
  1     6      -0.000646694      -0.000040006      -0.000000000  C
  1     6      -0.004633954       0.036422613      -0.000000000  C
  1     6       0.220718350       0.006918039      -0.000000000  C
  1     6       0.019692557       0.000573853       0.000000000  C
  1     6       0.019722210      -0.000765393      -0.000000000  C
  1     6       0.221052110      -0.007490934      -0.000000000  C
  1     6      -0.220718350       0.006918039      -0.000000000  C
  1     6      -0.019692557       0.000573853      -0.000000000  C
  1     6      -0.019722210      -0.000765393      -0.000000000  C
  1     6      -0.221052110      -0.007490934      -0.000000000  C
  1     6       0.004803956      -0.036139616       0.000000000  C
  1     6       0.000646694      -0.000040006      -0.000000000  C
  1     6       0.004633954       0.036422613       0.000000000  C
