    51
     1    0.000000    0.000000    0.000000       0.009901
     2    0.007674   -0.111174    0.000000       0.019802
     3    0.015347   -0.222348    0.000000       0.019802
     4    0.023021   -0.333522    0.000000       0.019802
     5    0.030695   -0.444696    0.000000       0.019802
     6    0.038368   -0.555870    0.000000       0.019802
     7    0.046042   -0.667044    0.000000       0.019802
     8    0.053716   -0.778218    0.000000       0.019802
     9    0.061389   -0.889392    0.000000       0.019802
    10    0.069063   -1.000566    0.000000       0.019802
    11    0.076737   -1.111740    0.000000       0.019802
    12    0.084410   -1.222914    0.000000       0.019802
    13    0.092084   -1.334088    0.000000       0.019802
    14    0.099757   -1.445262    0.000000       0.019802
    15    0.107431   -1.556436    0.000000       0.019802
    16    0.115105   -1.667610    0.000000       0.019802
    17    0.122778   -1.778784    0.000000       0.019802
    18    0.130452   -1.889958    0.000000       0.019802
    19    0.138126   -2.001132    0.000000       0.019802
    20    0.145799   -2.112306    0.000000       0.019802
    21    0.153473   -2.223480    0.000000       0.019802
    22    0.161147   -2.334654    0.000000       0.019802
    23    0.168820   -2.445828    0.000000       0.019802
    24    0.176494   -2.557002    0.000000       0.019802
    25    0.184168   -2.668176    0.000000       0.019802
    26    0.191841   -2.779350    0.000000       0.019802
    27    0.199515   -2.890524    0.000000       0.019802
    28    0.207189   -3.001698    0.000000       0.019802
    29    0.214862   -3.112872    0.000000       0.019802
    30    0.222536   -3.224046    0.000000       0.019802
    31    0.230210   -3.335220    0.000000       0.019802
    32    0.237883   -3.446394    0.000000       0.019802
    33    0.245557   -3.557568    0.000000       0.019802
    34    0.253231   -3.668742    0.000000       0.019802
    35    0.260904   -3.779916    0.000000       0.019802
    36    0.268578   -3.891090    0.000000       0.019802
    37    0.276252   -4.002263    0.000000       0.019802
    38    0.283925   -4.113437    0.000000       0.019802
    39    0.291599   -4.224611    0.000000       0.019802
    40    0.299272   -4.335785    0.000000       0.019802
    41    0.306946   -4.446959    0.000000       0.019802
    42    0.314620   -4.558133    0.000000       0.019802
    43    0.322293   -4.669307    0.000000       0.019802
    44    0.329967   -4.780481    0.000000       0.019802
    45    0.337641   -4.891655    0.000000       0.019802
    46    0.345314   -5.002829    0.000000       0.019802
    47    0.352988   -5.114003    0.000000       0.019802
    48    0.360662   -5.225177    0.000000       0.019802
    49    0.368335   -5.336351    0.000000       0.019802
    50    0.376009   -5.447525    0.000000       0.019802
    51    0.383683   -5.558699    0.000000       0.019802
