# GNUBANDS: Utility for SIESTA to transform bands output into Gnuplot format
#
#                                                  Emilio Artacho, Feb. 1999
#                                                   Alberto Garcia, May 2012
#                                         Nick Papior, April 2013, July 2016
# --------------------------------------------------------------------------
# E_F / orig        =      0.0000    -3.5366
# k_min, k_max      =     0.0000    2.1255
# E_min, E_max      =   -20.0000   10.0000
# Nbands, Nspin, Nk =     26     1   301
# Using min_band, max_band =      1    26
# Total number of bands =     26
#
#        k            E[eV]
# --------------------------------------------------------------------------

      0.000000    -19.377756  1
      0.008984    -19.377056  1
      0.017967    -19.374956  1
      0.026951    -19.371556  1
      0.035934    -19.366856  1
      0.044918    -19.360656  1
      0.053902    -19.353056  1
      0.062885    -19.344056  1
      0.071869    -19.333656  1
      0.080852    -19.321856  1
      0.089836    -19.308556  1
      0.098820    -19.293656  1
      0.107803    -19.277356  1
      0.116787    -19.259556  1
      0.125770    -19.240156  1
      0.134754    -19.219256  1
      0.143737    -19.196756  1
      0.152721    -19.172756  1
      0.161705    -19.147156  1
      0.170688    -19.119856  1
      0.179672    -19.091056  1
      0.188655    -19.060656  1
      0.197639    -19.028656  1
      0.206623    -18.995056  1
      0.215606    -18.959856  1
      0.224590    -18.922956  1
      0.233573    -18.884556  1
      0.242557    -18.844556  1
      0.251541    -18.802956  1
      0.260524    -18.759656  1
      0.269508    -18.714856  1
      0.278491    -18.668456  1
      0.287475    -18.620556  1
      0.296459    -18.570956  1
      0.305442    -18.519856  1
      0.314426    -18.467156  1
      0.323409    -18.412956  1
      0.332393    -18.357156  1
      0.341376    -18.299756  1
      0.350360    -18.240856  1
      0.359344    -18.180456  1
      0.368327    -18.118556  1
      0.377311    -18.055156  1
      0.386294    -17.990156  1
      0.395278    -17.923756  1
      0.404262    -17.855756  1
      0.413245    -17.786356  1
      0.422229    -17.715456  1
      0.431212    -17.643056  1
      0.440196    -17.569256  1
      0.449180    -17.493956  1
      0.458163    -17.417256  1
      0.467147    -17.339056  1
      0.476130    -17.259556  1
      0.485114    -17.178556  1
      0.494098    -17.096156  1
      0.503081    -17.012456  1
      0.512065    -16.927256  1
      0.521048    -16.840756  1
      0.530032    -16.752956  1
      0.539016    -16.663756  1
      0.547999    -16.573256  1
      0.556983    -16.481456  1
      0.565966    -16.388356  1
      0.574950    -16.293956  1
      0.583933    -16.198256  1
      0.592917    -16.101456  1
      0.601901    -16.003356  1
      0.610884    -15.904056  1
      0.619868    -15.803656  1
      0.628851    -15.702056  1
      0.637835    -15.599356  1
      0.646819    -15.495556  1
      0.655802    -15.390756  1
      0.664786    -15.284956  1
      0.673769    -15.178156  1
      0.682753    -15.070456  1
      0.691737    -14.961856  1
      0.700720    -14.852456  1
      0.709704    -14.742356  1
      0.718687    -14.631556  1
      0.727671    -14.520156  1
      0.736655    -14.408256  1
      0.745638    -14.295856  1
      0.754622    -14.183256  1
      0.763605    -14.070556  1
      0.772589    -13.957756  1
      0.781572    -13.845256  1
      0.790556    -13.733056  1
      0.799540    -13.621456  1
      0.808523    -13.510856  1
      0.817507    -13.401456  1
      0.826490    -13.293756  1
      0.835474    -13.188156  1
      0.844458    -13.085156  1
      0.853441    -12.985456  1
      0.862425    -12.889756  1
      0.871408    -12.798956  1
      0.880392    -12.713956  1
      0.889376    -12.635656  1
      0.898359    -12.565556  1
      0.902851    -12.597956  1
      0.907343    -12.630656  1
      0.911835    -12.663056  1
      0.916326    -12.695156  1
      0.920818    -12.726856  1
      0.925310    -12.758256  1
      0.929802    -12.789356  1
      0.934294    -12.820156  1
      0.938785    -12.850556  1
      0.943277    -12.880656  1
      0.947769    -12.910456  1
      0.952261    -12.939956  1
      0.956753    -12.969056  1
      0.961244    -12.997856  1
      0.965736    -13.026356  1
      0.970228    -13.054556  1
      0.974720    -13.082356  1
      0.979212    -13.109856  1
      0.983703    -13.137056  1
      0.988195    -13.163956  1
      0.992687    -13.190456  1
      0.997179    -13.216656  1
      1.001670    -13.242556  1
      1.006162    -13.268056  1
      1.010654    -13.293256  1
      1.015146    -13.318156  1
      1.019638    -13.342756  1
      1.024129    -13.366956  1
      1.028621    -13.390856  1
      1.033113    -13.414356  1
      1.037605    -13.437656  1
      1.042097    -13.460556  1
      1.046588    -13.483056  1
      1.051080    -13.505356  1
      1.055572    -13.527256  1
      1.060064    -13.548756  1
      1.064556    -13.570056  1
      1.069047    -13.590956  1
      1.073539    -13.611456  1
      1.078031    -13.631756  1
      1.082523    -13.651656  1
      1.087015    -13.671256  1
      1.091506    -13.690456  1
      1.095998    -13.709356  1
      1.100490    -13.727956  1
      1.104982    -13.746156  1
      1.109474    -13.764056  1
      1.113965    -13.781656  1
      1.118457    -13.798856  1
      1.122949    -13.815756  1
      1.127441    -13.832356  1
      1.131933    -13.848556  1
      1.136424    -13.864456  1
      1.140916    -13.879956  1
      1.145408    -13.895256  1
      1.149900    -13.910056  1
      1.154392    -13.924656  1
      1.158883    -13.938856  1
      1.163375    -13.952756  1
      1.167867    -13.966356  1
      1.172359    -13.979556  1
      1.176851    -13.992356  1
      1.181342    -14.004956  1
      1.185834    -14.017156  1
      1.190326    -14.029056  1
      1.194818    -14.040556  1
      1.199310    -14.051756  1
      1.203801    -14.062656  1
      1.208293    -14.073156  1
      1.212785    -14.083356  1
      1.217277    -14.093256  1
      1.221768    -14.102756  1
      1.226260    -14.111956  1
      1.230752    -14.120856  1
      1.235244    -14.129356  1
      1.239736    -14.137556  1
      1.244227    -14.145456  1
      1.248719    -14.152956  1
      1.253211    -14.160156  1
      1.257703    -14.166956  1
      1.262195    -14.173556  1
      1.266686    -14.179656  1
      1.271178    -14.185556  1
      1.275670    -14.191056  1
      1.280162    -14.196256  1
      1.284654    -14.201056  1
      1.289145    -14.205556  1
      1.293637    -14.209756  1
      1.298129    -14.213656  1
      1.302621    -14.217156  1
      1.307113    -14.220356  1
      1.311604    -14.223156  1
      1.316096    -14.225656  1
      1.320588    -14.227856  1
      1.325080    -14.229656  1
      1.329572    -14.231156  1
      1.334063    -14.232356  1
      1.338555    -14.233156  1
      1.343047    -14.233656  1
      1.347539    -14.233856  1
      1.355319    -14.244756  1
      1.363099    -14.275956  1
      1.370879    -14.324256  1
      1.378659    -14.385556  1
      1.386439    -14.456356  1
      1.394219    -14.533856  1
      1.401999    -14.616056  1
      1.409779    -14.701556  1
      1.417559    -14.789156  1
      1.425339    -14.878156  1
      1.433119    -14.968156  1
      1.440899    -15.058556  1
      1.448679    -15.149156  1
      1.456459    -15.239756  1
      1.464239    -15.330156  1
      1.472019    -15.420256  1
      1.479799    -15.509856  1
      1.487579    -15.598856  1
      1.495359    -15.687256  1
      1.503139    -15.775056  1
      1.510919    -15.862056  1
      1.518699    -15.948356  1
      1.526479    -16.033756  1
      1.534259    -16.118356  1
      1.542039    -16.202056  1
      1.549819    -16.284856  1
      1.557599    -16.366856  1
      1.565379    -16.447756  1
      1.573159    -16.527856  1
      1.580939    -16.606956  1
      1.588719    -16.684956  1
      1.596499    -16.762156  1
      1.604279    -16.838256  1
      1.612059    -16.913256  1
      1.619839    -16.987356  1
      1.627619    -17.060356  1
      1.635399    -17.132356  1
      1.643179    -17.203356  1
      1.650959    -17.273256  1
      1.658740    -17.342056  1
      1.666520    -17.409856  1
      1.674300    -17.476456  1
      1.682080    -17.542056  1
      1.689860    -17.606556  1
      1.697640    -17.670056  1
      1.705420    -17.732356  1
      1.713200    -17.793556  1
      1.720980    -17.853656  1
      1.728760    -17.912556  1
      1.736540    -17.970456  1
      1.744320    -18.027156  1
      1.752100    -18.082756  1
      1.759880    -18.137256  1
      1.767660    -18.190556  1
      1.775440    -18.242756  1
      1.783220    -18.293756  1
      1.791000    -18.343556  1
      1.798780    -18.392356  1
      1.806560    -18.439856  1
      1.814340    -18.486256  1
      1.822120    -18.531456  1
      1.829900    -18.575456  1
      1.837680    -18.618356  1
      1.845460    -18.660056  1
      1.853240    -18.700556  1
      1.861020    -18.739856  1
      1.868800    -18.777956  1
      1.876580    -18.814956  1
      1.884360    -18.850656  1
      1.892140    -18.885256  1
      1.899920    -18.918556  1
      1.907700    -18.950756  1
      1.915480    -18.981656  1
      1.923260    -19.011356  1
      1.931040    -19.039956  1
      1.938820    -19.067256  1
      1.946600    -19.093456  1
      1.954380    -19.118356  1
      1.962160    -19.142056  1
      1.969940    -19.164656  1
      1.977720    -19.186056  1
      1.985500    -19.206156  1
      1.993280    -19.225256  1
      2.001060    -19.243056  1
      2.008840    -19.259756  1
      2.016620    -19.275256  1
      2.024400    -19.289656  1
      2.032180    -19.302856  1
      2.039960    -19.314956  1
      2.047740    -19.326056  1
      2.055520    -19.335956  1
      2.063300    -19.344756  1
      2.071081    -19.352556  1
      2.078861    -19.359256  1
      2.086641    -19.364956  1
      2.094421    -19.369556  1
      2.102201    -19.373156  1
      2.109981    -19.375656  1
      2.117761    -19.377156  1
      2.125541    -19.377756  1


      0.000000     -7.525356  1
      0.008984     -7.524356  1
      0.017967     -7.521556  1
      0.026951     -7.516956  1
      0.035934     -7.510456  1
      0.044918     -7.502056  1
      0.053902     -7.491856  1
      0.062885     -7.479756  1
      0.071869     -7.465756  1
      0.080852     -7.449956  1
      0.089836     -7.432356  1
      0.098820     -7.412856  1
      0.107803     -7.391456  1
      0.116787     -7.368256  1
      0.125770     -7.343256  1
      0.134754     -7.316356  1
      0.143737     -7.287656  1
      0.152721     -7.257056  1
      0.161705     -7.224756  1
      0.170688     -7.190556  1
      0.179672     -7.154456  1
      0.188655     -7.116656  1
      0.197639     -7.077056  1
      0.206623     -7.035556  1
      0.215606     -6.992356  1
      0.224590     -6.947356  1
      0.233573     -6.900456  1
      0.242557     -6.851856  1
      0.251541     -6.801556  1
      0.260524     -6.749456  1
      0.269508     -6.695556  1
      0.278491     -6.639856  1
      0.287475     -6.582556  1
      0.296459     -6.523456  1
      0.305442     -6.462656  1
      0.314426     -6.400056  1
      0.323409     -6.335856  1
      0.332393     -6.269956  1
      0.341376     -6.282056  1
      0.350360     -6.405956  1
      0.359344     -6.529856  1
      0.368327     -6.653856  1
      0.377311     -6.777656  1
      0.386294     -6.901356  1
      0.395278     -7.024856  1
      0.404262     -7.148056  1
      0.413245     -7.270856  1
      0.422229     -7.393356  1
      0.431212     -7.515356  1
      0.440196     -7.636956  1
      0.449180     -7.757956  1
      0.458163     -7.878356  1
      0.467147     -7.998156  1
      0.476130     -8.117256  1
      0.485114     -8.235656  1
      0.494098     -8.353356  1
      0.503081     -8.470256  1
      0.512065     -8.586356  1
      0.521048     -8.701656  1
      0.530032     -8.816156  1
      0.539016     -8.929656  1
      0.547999     -9.042356  1
      0.556983     -9.154056  1
      0.565966     -9.264756  1
      0.574950     -9.374556  1
      0.583933     -9.483356  1
      0.592917     -9.591156  1
      0.601901     -9.697856  1
      0.610884     -9.803556  1
      0.619868     -9.908156  1
      0.628851    -10.011756  1
      0.637835    -10.114156  1
      0.646819    -10.215456  1
      0.655802    -10.315756  1
      0.664786    -10.414756  1
      0.673769    -10.512756  1
      0.682753    -10.609456  1
      0.691737    -10.705056  1
      0.700720    -10.799556  1
      0.709704    -10.892756  1
      0.718687    -10.984856  1
      0.727671    -11.075656  1
      0.736655    -11.165256  1
      0.745638    -11.253756  1
      0.754622    -11.340856  1
      0.763605    -11.426856  1
      0.772589    -11.511556  1
      0.781572    -11.595056  1
      0.790556    -11.677256  1
      0.799540    -11.758256  1
      0.808523    -11.837956  1
      0.817507    -11.916456  1
      0.826490    -11.993656  1
      0.835474    -12.069556  1
      0.844458    -12.144256  1
      0.853441    -12.217656  1
      0.862425    -12.289756  1
      0.871408    -12.360556  1
      0.880392    -12.430156  1
      0.889376    -12.498456  1
      0.898359    -12.564956  1
      0.902851    -12.533456  1
      0.907343    -12.503656  1
      0.911835    -12.476256  1
      0.916326    -12.451156  1
      0.920818    -12.428656  1
      0.925310    -12.408556  1
      0.929802    -12.390956  1
      0.934294    -12.375856  1
      0.938785    -12.363156  1
      0.943277    -12.352956  1
      0.947769    -12.344956  1
      0.952261    -12.339156  1
      0.956753    -12.335456  1
      0.961244    -12.333756  1
      0.965736    -12.333856  1
      0.970228    -12.335756  1
      0.974720    -12.339256  1
      0.979212    -12.344156  1
      0.983703    -12.350456  1
      0.988195    -12.357956  1
      0.992687    -12.366556  1
      0.997179    -12.376156  1
      1.001670    -12.386656  1
      1.006162    -12.397956  1
      1.010654    -12.409956  1
      1.015146    -12.422656  1
      1.019638    -12.435956  1
      1.024129    -12.449656  1
      1.028621    -12.463756  1
      1.033113    -12.478356  1
      1.037605    -12.493156  1
      1.042097    -12.508256  1
      1.046588    -12.523556  1
      1.051080    -12.539156  1
      1.055572    -12.554756  1
      1.060064    -12.570556  1
      1.064556    -12.586356  1
      1.069047    -12.602256  1
      1.073539    -12.618156  1
      1.078031    -12.634056  1
      1.082523    -12.649856  1
      1.087015    -12.665656  1
      1.091506    -12.681456  1
      1.095998    -12.697056  1
      1.100490    -12.712556  1
      1.104982    -12.728056  1
      1.109474    -12.743256  1
      1.113965    -12.758456  1
      1.118457    -12.773456  1
      1.122949    -12.788256  1
      1.127441    -12.802856  1
      1.131933    -12.817256  1
      1.136424    -12.831456  1
      1.140916    -12.845456  1
      1.145408    -12.859256  1
      1.149900    -12.872856  1
      1.154392    -12.886156  1
      1.158883    -12.899256  1
      1.163375    -12.912156  1
      1.167867    -12.924756  1
      1.172359    -12.937056  1
      1.176851    -12.949156  1
      1.181342    -12.960956  1
      1.185834    -12.972456  1
      1.190326    -12.983756  1
      1.194818    -12.994656  1
      1.199310    -13.005356  1
      1.203801    -13.015756  1
      1.208293    -13.025856  1
      1.212785    -13.035756  1
      1.217277    -13.045256  1
      1.221768    -13.054456  1
      1.226260    -13.063356  1
      1.230752    -13.071956  1
      1.235244    -13.080256  1
      1.239736    -13.088256  1
      1.244227    -13.095956  1
      1.248719    -13.103356  1
      1.253211    -13.110356  1
      1.257703    -13.117156  1
      1.262195    -13.123556  1
      1.266686    -13.129656  1
      1.271178    -13.135456  1
      1.275670    -13.140856  1
      1.280162    -13.145956  1
      1.284654    -13.150756  1
      1.289145    -13.155256  1
      1.293637    -13.159456  1
      1.298129    -13.163256  1
      1.302621    -13.166756  1
      1.307113    -13.169856  1
      1.311604    -13.172756  1
      1.316096    -13.175256  1
      1.320588    -13.177356  1
      1.325080    -13.179256  1
      1.329572    -13.180756  1
      1.334063    -13.181856  1
      1.338555    -13.182756  1
      1.343047    -13.183256  1
      1.347539    -13.183356  1
      1.355319    -13.171656  1
      1.363099    -13.137756  1
      1.370879    -13.085056  1
      1.378659    -13.017556  1
      1.386439    -12.938856  1
      1.394219    -12.851656  1
      1.401999    -12.757956  1
      1.409779    -12.659356  1
      1.417559    -12.556856  1
      1.425339    -12.451156  1
      1.433119    -12.342756  1
      1.440899    -12.232256  1
      1.448679    -12.119756  1
      1.456459    -12.005556  1
      1.464239    -11.889956  1
      1.472019    -11.772956  1
      1.479799    -11.654756  1
      1.487579    -11.535356  1
      1.495359    -11.414956  1
      1.503139    -11.293656  1
      1.510919    -11.171356  1
      1.518699    -11.048256  1
      1.526479    -10.924256  1
      1.534259    -10.799656  1
      1.542039    -10.674256  1
      1.549819    -10.548156  1
      1.557599    -10.421456  1
      1.565379    -10.294156  1
      1.573159    -10.166356  1
      1.580939    -10.037956  1
      1.588719     -9.909056  1
      1.596499     -9.779756  1
      1.604279     -9.649956  1
      1.612059     -9.519856  1
      1.619839     -9.389356  1
      1.627619     -9.258456  1
      1.635399     -9.127356  1
      1.643179     -8.995956  1
      1.650959     -8.864356  1
      1.658740     -8.732656  1
      1.666520     -8.600756  1
      1.674300     -8.468756  1
      1.682080     -8.336656  1
      1.689860     -8.204556  1
      1.697640     -8.072556  1
      1.705420     -7.940556  1
      1.713200     -7.808756  1
      1.720980     -7.677056  1
      1.728760     -7.545556  1
      1.736540     -7.414356  1
      1.744320     -7.283456  1
      1.752100     -7.152956  1
      1.759880     -7.022956  1
      1.767660     -6.893356  1
      1.775440     -6.764356  1
      1.783220     -6.635956  1
      1.791000     -6.508256  1
      1.798780     -6.381356  1
      1.806560     -6.368556  1
      1.814340     -6.423356  1
      1.822120     -6.477056  1
      1.829900     -6.529356  1
      1.837680     -6.580456  1
      1.845460     -6.630256  1
      1.853240     -6.678656  1
      1.861020     -6.725856  1
      1.868800     -6.771756  1
      1.876580     -6.816356  1
      1.884360     -6.859556  1
      1.892140     -6.901556  1
      1.899920     -6.942156  1
      1.907700     -6.981356  1
      1.915480     -7.019256  1
      1.923260     -7.055856  1
      1.931040     -7.091156  1
      1.938820     -7.124956  1
      1.946600     -7.157556  1
      1.954380     -7.188656  1
      1.962160     -7.218456  1
      1.969940     -7.246956  1
      1.977720     -7.273956  1
      1.985500     -7.299656  1
      1.993280     -7.323956  1
      2.001060     -7.346956  1
      2.008840     -7.368456  1
      2.016620     -7.388656  1
      2.024400     -7.407456  1
      2.032180     -7.424856  1
      2.039960     -7.440956  1
      2.047740     -7.455556  1
      2.055520     -7.468856  1
      2.063300     -7.480656  1
      2.071081     -7.491156  1
      2.078861     -7.500156  1
      2.086641     -7.507856  1
      2.094421     -7.514156  1
      2.102201     -7.519056  1
      2.109981     -7.522556  1
      2.117761     -7.524656  1
      2.125541     -7.525356  1


      0.000000     -3.042156  1
      0.008984     -3.045356  1
      0.017967     -3.055056  1
      0.026951     -3.071456  1
      0.035934     -3.094256  1
      0.044918     -3.123356  1
      0.053902     -3.158656  1
      0.062885     -3.199956  1
      0.071869     -3.247256  1
      0.080852     -3.300056  1
      0.089836     -3.358456  1
      0.098820     -3.421956  1
      0.107803     -3.490456  1
      0.116787     -3.563756  1
      0.125770     -3.641556  1
      0.134754     -3.723556  1
      0.143737     -3.809456  1
      0.152721     -3.899256  1
      0.161705     -3.992456  1
      0.170688     -4.088956  1
      0.179672     -4.188456  1
      0.188655     -4.290756  1
      0.197639     -4.395656  1
      0.206623     -4.502956  1
      0.215606     -4.612456  1
      0.224590     -4.723856  1
      0.233573     -4.837156  1
      0.242557     -4.951956  1
      0.251541     -5.068356  1
      0.260524     -5.186056  1
      0.269508     -5.304856  1
      0.278491     -5.424656  1
      0.287475     -5.545456  1
      0.296459     -5.666956  1
      0.305442     -5.789056  1
      0.314426     -5.911756  1
      0.323409     -6.034956  1
      0.332393     -6.158356  1
      0.341376     -6.202356  1
      0.350360     -6.133156  1
      0.359344     -6.062256  1
      0.368327     -5.989756  1
      0.377311     -5.915556  1
      0.386294     -5.839856  1
      0.395278     -5.780656  1
      0.404262     -5.882356  1
      0.413245     -5.984556  1
      0.422229     -6.087256  1
      0.431212     -6.190356  1
      0.440196     -6.293756  1
      0.449180     -6.397456  1
      0.458163     -6.501356  1
      0.467147     -6.605356  1
      0.476130     -6.709456  1
      0.485114     -6.813556  1
      0.494098     -6.917656  1
      0.503081     -7.021656  1
      0.512065     -7.125456  1
      0.521048     -7.229056  1
      0.530032     -7.332456  1
      0.539016     -7.435456  1
      0.547999     -7.538156  1
      0.556983     -7.640456  1
      0.565966     -7.742256  1
      0.574950     -7.843556  1
      0.583933     -7.944256  1
      0.592917     -8.044356  1
      0.601901     -8.143856  1
      0.610884     -8.242556  1
      0.619868     -8.340556  1
      0.628851     -8.437856  1
      0.637835     -8.534156  1
      0.646819     -8.629656  1
      0.655802     -8.724056  1
      0.664786     -8.817556  1
      0.673769     -8.909956  1
      0.682753     -9.001256  1
      0.691737     -9.091356  1
      0.700720     -9.180256  1
      0.709704     -9.267756  1
      0.718687     -9.353756  1
      0.727671     -9.438356  1
      0.736655     -9.521456  1
      0.745638     -9.602756  1
      0.754622     -9.682256  1
      0.763605     -9.759756  1
      0.772589     -9.835256  1
      0.781572     -9.908356  1
      0.790556     -9.979056  1
      0.799540    -10.047056  1
      0.808523    -10.112056  1
      0.817507    -10.173756  1
      0.826490    -10.231656  1
      0.835474    -10.285556  1
      0.844458    -10.334656  1
      0.853441    -10.378556  1
      0.862425    -10.416456  1
      0.871408    -10.447456  1
      0.880392    -10.470856  1
      0.889376    -10.485556  1
      0.898359    -10.490656  1
      0.902851    -10.489356  1
      0.907343    -10.485256  1
      0.911835    -10.478456  1
      0.916326    -10.468756  1
      0.920818    -10.456056  1
      0.925310    -10.440556  1
      0.929802    -10.422056  1
      0.934294    -10.400756  1
      0.938785    -10.376556  1
      0.943277    -10.349556  1
      0.947769    -10.319856  1
      0.952261    -10.287556  1
      0.956753    -10.252756  1
      0.961244    -10.215656  1
      0.965736    -10.176256  1
      0.970228    -10.134856  1
      0.974720    -10.091456  1
      0.979212    -10.046256  1
      0.983703     -9.999356  1
      0.988195     -9.950956  1
      0.992687     -9.901056  1
      0.997179     -9.849956  1
      1.001670     -9.797556  1
      1.006162     -9.744156  1
      1.010654     -9.689756  1
      1.015146     -9.634356  1
      1.019638     -9.578256  1
      1.024129     -9.521356  1
      1.028621     -9.463856  1
      1.033113     -9.405756  1
      1.037605     -9.347056  1
      1.042097     -9.288056  1
      1.046588     -9.228556  1
      1.051080     -9.168756  1
      1.055572     -9.108656  1
      1.060064     -9.048356  1
      1.064556     -8.987856  1
      1.069047     -8.927256  1
      1.073539     -8.866456  1
      1.078031     -8.805756  1
      1.082523     -8.744956  1
      1.087015     -8.684156  1
      1.091506     -8.623556  1
      1.095998     -8.562956  1
      1.100490     -8.502556  1
      1.104982     -8.442256  1
      1.109474     -8.382256  1
      1.113965     -8.322456  1
      1.118457     -8.262956  1
      1.122949     -8.203856  1
      1.127441     -8.145056  1
      1.131933     -8.086656  1
      1.136424     -8.028656  1
      1.140916     -7.971156  1
      1.145408     -7.914056  1
      1.149900     -7.857556  1
      1.154392     -7.801656  1
      1.158883     -7.746256  1
      1.163375     -7.691556  1
      1.167867     -7.637556  1
      1.172359     -7.584156  1
      1.176851     -7.531556  1
      1.181342     -7.479656  1
      1.185834     -7.428656  1
      1.190326     -7.378456  1
      1.194818     -7.329156  1
      1.199310     -7.280756  1
      1.203801     -7.233256  1
      1.208293     -7.186756  1
      1.212785     -7.141256  1
      1.217277     -7.096856  1
      1.221768     -7.053556  1
      1.226260     -7.011356  1
      1.230752     -6.970356  1
      1.235244     -6.930456  1
      1.239736     -6.891856  1
      1.244227     -6.854556  1
      1.248719     -6.818456  1
      1.253211     -6.783756  1
      1.257703     -6.750456  1
      1.262195     -6.718456  1
      1.266686     -6.687956  1
      1.271178     -6.658856  1
      1.275670     -6.631256  1
      1.280162     -6.605256  1
      1.284654     -6.580756  1
      1.289145     -6.557756  1
      1.293637     -6.536456  1
      1.298129     -6.516656  1
      1.302621     -6.498556  1
      1.307113     -6.482156  1
      1.311604     -6.467356  1
      1.316096     -6.454356  1
      1.320588     -6.442956  1
      1.325080     -6.433356  1
      1.329572     -6.425456  1
      1.334063     -6.419356  1
      1.338555     -6.414956  1
      1.343047     -6.412256  1
      1.347539     -6.411456  1
      1.355319     -6.410856  1
      1.363099     -6.409056  1
      1.370879     -6.406156  1
      1.378659     -6.402056  1
      1.386439     -6.396856  1
      1.394219     -6.390356  1
      1.401999     -6.382856  1
      1.409779     -6.374056  1
      1.417559     -6.364156  1
      1.425339     -6.353156  1
      1.433119     -6.340956  1
      1.440899     -6.327556  1
      1.448679     -6.313056  1
      1.456459     -6.297456  1
      1.464239     -6.280656  1
      1.472019     -6.262756  1
      1.479799     -6.243756  1
      1.487579     -6.223556  1
      1.495359     -6.202256  1
      1.503139     -6.179956  1
      1.510919     -6.156456  1
      1.518699     -6.131856  1
      1.526479     -6.106156  1
      1.534259     -6.079456  1
      1.542039     -6.051656  1
      1.549819     -6.022756  1
      1.557599     -5.992856  1
      1.565379     -5.961956  1
      1.573159     -5.929956  1
      1.580939     -5.896956  1
      1.588719     -5.862956  1
      1.596499     -5.828056  1
      1.604279     -5.792056  1
      1.612059     -5.755156  1
      1.619839     -5.717256  1
      1.627619     -5.678456  1
      1.635399     -5.638756  1
      1.643179     -5.598156  1
      1.650959     -5.556656  1
      1.658740     -5.514356  1
      1.666520     -5.471156  1
      1.674300     -5.427156  1
      1.682080     -5.382356  1
      1.689860     -5.401556  1
      1.697640     -5.473856  1
      1.705420     -5.545156  1
      1.713200     -5.615456  1
      1.720980     -5.684556  1
      1.728760     -5.752556  1
      1.736540     -5.819456  1
      1.744320     -5.885256  1
      1.752100     -5.949856  1
      1.759880     -6.013256  1
      1.767660     -6.075556  1
      1.775440     -6.136556  1
      1.783220     -6.196356  1
      1.791000     -6.254956  1
      1.798780     -6.312356  1
      1.806560     -6.255256  1
      1.814340     -6.130056  1
      1.822120     -6.005856  1
      1.829900     -5.882656  1
      1.837680     -5.760656  1
      1.845460     -5.639856  1
      1.853240     -5.520456  1
      1.861020     -5.402456  1
      1.868800     -5.285856  1
      1.876580     -5.170956  1
      1.884360     -5.057756  1
      1.892140     -4.946356  1
      1.899920     -4.836956  1
      1.907700     -4.729456  1
      1.915480     -4.624256  1
      1.923260     -4.521256  1
      1.931040     -4.420556  1
      1.938820     -4.322456  1
      1.946600     -4.226956  1
      1.954380     -4.134256  1
      1.962160     -4.044456  1
      1.969940     -3.957556  1
      1.977720     -3.873956  1
      1.985500     -3.793556  1
      1.993280     -3.716556  1
      2.001060     -3.643056  1
      2.008840     -3.573256  1
      2.016620     -3.507356  1
      2.024400     -3.445256  1
      2.032180     -3.387256  1
      2.039960     -3.333356  1
      2.047740     -3.283756  1
      2.055520     -3.238556  1
      2.063300     -3.197856  1
      2.071081     -3.161656  1
      2.078861     -3.130156  1
      2.086641     -3.103356  1
      2.094421     -3.081356  1
      2.102201     -3.064156  1
      2.109981     -3.051856  1
      2.117761     -3.044556  1
      2.125541     -3.042156  1


      0.000000     -3.039656  1
      0.008984     -3.041456  1
      0.017967     -3.046756  1
      0.026951     -3.055556  1
      0.035934     -3.067656  1
      0.044918     -3.083356  1
      0.053902     -3.102356  1
      0.062885     -3.124856  1
      0.071869     -3.150656  1
      0.080852     -3.179756  1
      0.089836     -3.212156  1
      0.098820     -3.247856  1
      0.107803     -3.286756  1
      0.116787     -3.328756  1
      0.125770     -3.373756  1
      0.134754     -3.421856  1
      0.143737     -3.472956  1
      0.152721     -3.526856  1
      0.161705     -3.583556  1
      0.170688     -3.643056  1
      0.179672     -3.705256  1
      0.188655     -3.769956  1
      0.197639     -3.837256  1
      0.206623     -3.906956  1
      0.215606     -3.978956  1
      0.224590     -4.053256  1
      0.233573     -4.129756  1
      0.242557     -4.208256  1
      0.251541     -4.288856  1
      0.260524     -4.371356  1
      0.269508     -4.455656  1
      0.278491     -4.541756  1
      0.287475     -4.629456  1
      0.296459     -4.718756  1
      0.305442     -4.809556  1
      0.314426     -4.901656  1
      0.323409     -4.995156  1
      0.332393     -5.089856  1
      0.341376     -5.185756  1
      0.350360     -5.282656  1
      0.359344     -5.380656  1
      0.368327     -5.479456  1
      0.377311     -5.579156  1
      0.386294     -5.679556  1
      0.395278     -5.762556  1
      0.404262     -5.683556  1
      0.413245     -5.603156  1
      0.422229     -5.521156  1
      0.431212     -5.437556  1
      0.440196     -5.352556  1
      0.449180     -5.266056  1
      0.458163     -5.178156  1
      0.467147     -5.088756  1
      0.476130     -4.997956  1
      0.485114     -4.905756  1
      0.494098     -4.812156  1
      0.503081     -4.717356  1
      0.512065     -4.621156  1
      0.521048     -4.523756  1
      0.530032     -4.425056  1
      0.539016     -4.325156  1
      0.547999     -4.224056  1
      0.556983     -4.121856  1
      0.565966     -4.018556  1
      0.574950     -3.914256  1
      0.583933     -3.808856  1
      0.592917     -3.702556  1
      0.601901     -3.595256  1
      0.610884     -3.487156  1
      0.619868     -3.378256  1
      0.628851     -3.268556  1
      0.637835     -3.158056  1
      0.646819     -3.046956  1
      0.655802     -2.935356  1
      0.664786     -2.823056  1
      0.673769     -2.710456  1
      0.682753     -2.597356  1
      0.691737     -2.483956  1
      0.700720     -2.370256  1
      0.709704     -2.256456  1
      0.718687     -2.142556  1
      0.727671     -2.028756  1
      0.736655     -1.914956  1
      0.745638     -1.801256  1
      0.754622     -1.687956  1
      0.763605     -1.574956  1
      0.772589     -1.462456  1
      0.781572     -1.350556  1
      0.790556     -1.239356  1
      0.799540     -1.128856  1
      0.808523     -1.019356  1
      0.817507     -0.910856  1
      0.826490     -0.803556  1
      0.835474     -0.697456  1
      0.844458     -0.592656  1
      0.853441     -0.489456  1
      0.862425     -0.387856  1
      0.871408     -0.287856  1
      0.880392     -0.189856  1
      0.889376     -0.093756  1
      0.898359     -0.000256  1
      0.902851     -0.045756  1
      0.907343     -0.091556  1
      0.911835     -0.137056  1
      0.916326     -0.181956  1
      0.920818     -0.226556  1
      0.925310     -0.270556  1
      0.929802     -0.314256  1
      0.934294     -0.357456  1
      0.938785     -0.400256  1
      0.943277     -0.442556  1
      0.947769     -0.484456  1
      0.952261     -0.525856  1
      0.956753     -0.566856  1
      0.961244     -0.607456  1
      0.965736     -0.647556  1
      0.970228     -0.687156  1
      0.974720     -0.726356  1
      0.979212     -0.765156  1
      0.983703     -0.803456  1
      0.988195     -0.841256  1
      0.992687     -0.878656  1
      0.997179     -0.915656  1
      1.001670     -0.952156  1
      1.006162     -0.988156  1
      1.010654     -1.023756  1
      1.015146     -1.058856  1
      1.019638     -1.093556  1
      1.024129     -1.127756  1
      1.028621     -1.161456  1
      1.033113     -1.194756  1
      1.037605     -1.227656  1
      1.042097     -1.259956  1
      1.046588     -1.291856  1
      1.051080     -1.323356  1
      1.055572     -1.354356  1
      1.060064     -1.384856  1
      1.064556     -1.414956  1
      1.069047     -1.444556  1
      1.073539     -1.473656  1
      1.078031     -1.502356  1
      1.082523     -1.530556  1
      1.087015     -1.558256  1
      1.091506     -1.585556  1
      1.095998     -1.612356  1
      1.100490     -1.638756  1
      1.104982     -1.664656  1
      1.109474     -1.690056  1
      1.113965     -1.714956  1
      1.118457     -1.739456  1
      1.122949     -1.763456  1
      1.127441     -1.786956  1
      1.131933     -1.810056  1
      1.136424     -1.832656  1
      1.140916     -1.854756  1
      1.145408     -1.876456  1
      1.149900     -1.897656  1
      1.154392     -1.918356  1
      1.158883     -1.938556  1
      1.163375     -1.958356  1
      1.167867     -1.977656  1
      1.172359     -1.996456  1
      1.176851     -2.014756  1
      1.181342     -2.032656  1
      1.185834     -2.050056  1
      1.190326     -2.066956  1
      1.194818     -2.083456  1
      1.199310     -2.099456  1
      1.203801     -2.114956  1
      1.208293     -2.129956  1
      1.212785     -2.144556  1
      1.217277     -2.158656  1
      1.221768     -2.172256  1
      1.226260     -2.185356  1
      1.230752     -2.197956  1
      1.235244     -2.210156  1
      1.239736     -2.221856  1
      1.244227     -2.233156  1
      1.248719     -2.243856  1
      1.253211     -2.254156  1
      1.257703     -2.263956  1
      1.262195     -2.273256  1
      1.266686     -2.282056  1
      1.271178     -2.290456  1
      1.275670     -2.298356  1
      1.280162     -2.305756  1
      1.284654     -2.312656  1
      1.289145     -2.319156  1
      1.293637     -2.325156  1
      1.298129     -2.330656  1
      1.302621     -2.335656  1
      1.307113     -2.340156  1
      1.311604     -2.344256  1
      1.316096     -2.347856  1
      1.320588     -2.350956  1
      1.325080     -2.353556  1
      1.329572     -2.355756  1
      1.334063     -2.357356  1
      1.338555     -2.358556  1
      1.343047     -2.359356  1
      1.347539     -2.359556  1
      1.355319     -2.363356  1
      1.363099     -2.374556  1
      1.370879     -2.393156  1
      1.378659     -2.418756  1
      1.386439     -2.451156  1
      1.394219     -2.489956  1
      1.401999     -2.534556  1
      1.409779     -2.584656  1
      1.417559     -2.639656  1
      1.425339     -2.699156  1
      1.433119     -2.762556  1
      1.440899     -2.829656  1
      1.448679     -2.899756  1
      1.456459     -2.972656  1
      1.464239     -3.047956  1
      1.472019     -3.125356  1
      1.479799     -3.204356  1
      1.487579     -3.284956  1
      1.495359     -3.366656  1
      1.503139     -3.449356  1
      1.510919     -3.532956  1
      1.518699     -3.617056  1
      1.526479     -3.701656  1
      1.534259     -3.786456  1
      1.542039     -3.871456  1
      1.549819     -3.956456  1
      1.557599     -4.041356  1
      1.565379     -4.126156  1
      1.573159     -4.210656  1
      1.580939     -4.294756  1
      1.588719     -4.378356  1
      1.596499     -4.461556  1
      1.604279     -4.544156  1
      1.612059     -4.626056  1
      1.619839     -4.707356  1
      1.627619     -4.787956  1
      1.635399     -4.867756  1
      1.643179     -4.946756  1
      1.650959     -5.024856  1
      1.658740     -5.102056  1
      1.666520     -5.178356  1
      1.674300     -5.253756  1
      1.682080     -5.328156  1
      1.689860     -5.336856  1
      1.697640     -5.290556  1
      1.705420     -5.243456  1
      1.713200     -5.195756  1
      1.720980     -5.147456  1
      1.728760     -5.098456  1
      1.736540     -5.048856  1
      1.744320     -4.998656  1
      1.752100     -4.947956  1
      1.759880     -4.896756  1
      1.767660     -4.845056  1
      1.775440     -4.792956  1
      1.783220     -4.740556  1
      1.791000     -4.687756  1
      1.798780     -4.634656  1
      1.806560     -4.581356  1
      1.814340     -4.527856  1
      1.822120     -4.474156  1
      1.829900     -4.420456  1
      1.837680     -4.366656  1
      1.845460     -4.312856  1
      1.853240     -4.259256  1
      1.861020     -4.205756  1
      1.868800     -4.152456  1
      1.876580     -4.099356  1
      1.884360     -4.046756  1
      1.892140     -3.994456  1
      1.899920     -3.942756  1
      1.907700     -3.891556  1
      1.915480     -3.841056  1
      1.923260     -3.791256  1
      1.931040     -3.742356  1
      1.938820     -3.694256  1
      1.946600     -3.647256  1
      1.954380     -3.601256  1
      1.962160     -3.556456  1
      1.969940     -3.512856  1
      1.977720     -3.470756  1
      1.985500     -3.429956  1
      1.993280     -3.390756  1
      2.001060     -3.353256  1
      2.008840     -3.317356  1
      2.016620     -3.283356  1
      2.024400     -3.251256  1
      2.032180     -3.221156  1
      2.039960     -3.193056  1
      2.047740     -3.167156  1
      2.055520     -3.143456  1
      2.063300     -3.122056  1
      2.071081     -3.103056  1
      2.078861     -3.086456  1
      2.086641     -3.072256  1
      2.094421     -3.060556  1
      2.102201     -3.051456  1
      2.109981     -3.044956  1
      2.117761     -3.040956  1
      2.125541     -3.039656  1


      0.000000      8.381944  1
      0.008984      8.383044  1
      0.017967      8.384844  1
      0.026951      8.387544  1
      0.035934      8.391344  1
      0.044918      8.396144  1
      0.053902      8.402144  1
      0.062885      8.409144  1
      0.071869      8.417444  1
      0.080852      8.426744  1
      0.089836      8.437344  1
      0.098820      8.449144  1
      0.107803      8.462244  1
      0.116787      8.476544  1
      0.125770      8.492244  1
      0.134754      8.509144  1
      0.143737      8.527544  1
      0.152721      8.547344  1
      0.161705      8.568544  1
      0.170688      8.591144  1
      0.179672      8.615344  1
      0.188655      8.641044  1
      0.197639      8.668244  1
      0.206623      8.697044  1
      0.215606      8.727544  1
      0.224590      8.759544  1
      0.233573      8.793244  1
      0.242557      8.828544  1
      0.251541      8.865544  1
      0.260524      8.904344  1
      0.269508      8.944744  1
      0.278491      8.986844  1
      0.287475      9.030744  1
      0.296459      8.992944  1
      0.305442      8.852844  1
      0.314426      8.710944  1
      0.323409      8.567344  1
      0.332393      8.422244  1
      0.341376      8.275844  1
      0.350360      8.128144  1
      0.359344      7.979444  1
      0.368327      7.829744  1
      0.377311      7.679244  1
      0.386294      7.528044  1
      0.395278      7.376244  1
      0.404262      7.223944  1
      0.413245      7.071344  1
      0.422229      6.918444  1
      0.431212      6.765444  1
      0.440196      6.612344  1
      0.449180      6.459244  1
      0.458163      6.306344  1
      0.467147      6.153544  1
      0.476130      6.001044  1
      0.485114      5.848944  1
      0.494098      5.697244  1
      0.503081      5.545944  1
      0.512065      5.395244  1
      0.521048      5.245244  1
      0.530032      5.095744  1
      0.539016      4.947144  1
      0.547999      4.799144  1
      0.556983      4.652144  1
      0.565966      4.505844  1
      0.574950      4.360544  1
      0.583933      4.216244  1
      0.592917      4.072944  1
      0.601901      3.930644  1
      0.610884      3.789444  1
      0.619868      3.649344  1
      0.628851      3.510344  1
      0.637835      3.372644  1
      0.646819      3.236044  1
      0.655802      3.100744  1
      0.664786      2.966744  1
      0.673769      2.833944  1
      0.682753      2.702544  1
      0.691737      2.572544  1
      0.700720      2.443844  1
      0.709704      2.316544  1
      0.718687      2.190744  1
      0.727671      2.066244  1
      0.736655      1.943344  1
      0.745638      1.821844  1
      0.754622      1.701944  1
      0.763605      1.583444  1
      0.772589      1.466544  1
      0.781572      1.351244  1
      0.790556      1.237444  1
      0.799540      1.125244  1
      0.808523      1.014744  1
      0.817507      0.905744  1
      0.826490      0.798444  1
      0.835474      0.692744  1
      0.844458      0.588644  1
      0.853441      0.486344  1
      0.862425      0.385644  1
      0.871408      0.286644  1
      0.880392      0.189344  1
      0.889376      0.093844  1
      0.898359      0.000544  1
      0.902851      0.045944  1
      0.907343      0.091644  1
      0.911835      0.136744  1
      0.916326      0.181244  1
      0.920818      0.225144  1
      0.925310      0.268544  1
      0.929802      0.311244  1
      0.934294      0.353344  1
      0.938785      0.394744  1
      0.943277      0.435544  1
      0.947769      0.475744  1
      0.952261      0.515244  1
      0.956753      0.554144  1
      0.961244      0.592244  1
      0.965736      0.629744  1
      0.970228      0.666544  1
      0.974720      0.702644  1
      0.979212      0.738044  1
      0.983703      0.772844  1
      0.988195      0.806844  1
      0.992687      0.840144  1
      0.997179      0.872744  1
      1.001670      0.904644  1
      1.006162      0.935744  1
      1.010654      0.966244  1
      1.015146      0.996044  1
      1.019638      1.025044  1
      1.024129      1.053444  1
      1.028621      1.081044  1
      1.033113      1.107944  1
      1.037605      1.134244  1
      1.042097      1.159744  1
      1.046588      1.184644  1
      1.051080      1.208844  1
      1.055572      1.232344  1
      1.060064      1.255144  1
      1.064556      1.277344  1
      1.069047      1.298844  1
      1.073539      1.319644  1
      1.078031      1.339944  1
      1.082523      1.359544  1
      1.087015      1.378444  1
      1.091506      1.396844  1
      1.095998      1.414644  1
      1.100490      1.431744  1
      1.104982      1.448344  1
      1.109474      1.464344  1
      1.113965      1.479844  1
      1.118457      1.494744  1
      1.122949      1.509144  1
      1.127441      1.522944  1
      1.131933      1.536344  1
      1.136424      1.549144  1
      1.140916      1.561544  1
      1.145408      1.573344  1
      1.149900      1.584744  1
      1.154392      1.595744  1
      1.158883      1.606244  1
      1.163375      1.616244  1
      1.167867      1.625944  1
      1.172359      1.635144  1
      1.176851      1.644044  1
      1.181342      1.652444  1
      1.185834      1.660544  1
      1.190326      1.668244  1
      1.194818      1.675644  1
      1.199310      1.682644  1
      1.203801      1.689344  1
      1.208293      1.695744  1
      1.212785      1.701844  1
      1.217277      1.707644  1
      1.221768      1.713044  1
      1.226260      1.718244  1
      1.230752      1.723244  1
      1.235244      1.727844  1
      1.239736      1.732244  1
      1.244227      1.736444  1
      1.248719      1.740344  1
      1.253211      1.744044  1
      1.257703      1.747544  1
      1.262195      1.750744  1
      1.266686      1.753844  1
      1.271178      1.756644  1
      1.275670      1.759344  1
      1.280162      1.761744  1
      1.284654      1.764044  1
      1.289145      1.766144  1
      1.293637      1.768044  1
      1.298129      1.769844  1
      1.302621      1.771444  1
      1.307113      1.772844  1
      1.311604      1.774044  1
      1.316096      1.775144  1
      1.320588      1.776144  1
      1.325080      1.776944  1
      1.329572      1.777644  1
      1.334063      1.778144  1
      1.338555      1.778444  1
      1.343047      1.778644  1
      1.347539      1.778744  1
      1.355319      1.783444  1
      1.363099      1.797644  1
      1.370879      1.821044  1
      1.378659      1.853444  1
      1.386439      1.894444  1
      1.394219      1.943744  1
      1.401999      2.000844  1
      1.409779      2.065344  1
      1.417559      2.136644  1
      1.425339      2.214244  1
      1.433119      2.297744  1
      1.440899      2.386744  1
      1.448679      2.480644  1
      1.456459      2.579144  1
      1.464239      2.681944  1
      1.472019      2.788544  1
      1.479799      2.898644  1
      1.487579      3.012044  1
      1.495359      3.128444  1
      1.503139      3.247544  1
      1.510919      3.369144  1
      1.518699      3.493044  1
      1.526479      3.619144  1
      1.534259      3.747144  1
      1.542039      3.876944  1
      1.549819      4.008344  1
      1.557599      4.141244  1
      1.565379      4.275544  1
      1.573159      4.411144  1
      1.580939      4.547744  1
      1.588719      4.685444  1
      1.596499      4.824044  1
      1.604279      4.963544  1
      1.612059      5.103644  1
      1.619839      5.244444  1
      1.627619      5.385744  1
      1.635399      5.527544  1
      1.643179      5.669644  1
      1.650959      5.812044  1
      1.658740      5.954644  1
      1.666520      6.097344  1
      1.674300      6.240144  1
      1.682080      6.382844  1
      1.689860      6.525344  1
      1.697640      6.667644  1
      1.705420      6.809744  1
      1.713200      6.951344  1
      1.720980      7.092544  1
      1.728760      7.233144  1
      1.736540      7.373144  1
      1.744320      7.512444  1
      1.752100      7.650844  1
      1.759880      7.788444  1
      1.767660      7.925044  1
      1.775440      8.060444  1
      1.783220      8.194844  1
      1.791000      8.298544  1
      1.798780      8.314744  1
      1.806560      8.330344  1
      1.814340      8.345444  1
      1.822120      8.359844  1
      1.829900      8.373644  1
      1.837680      8.386644  1
      1.845460      8.398944  1
      1.853240      8.410344  1
      1.861020      8.420944  1
      1.868800      8.430744  1
      1.876580      8.439544  1
      1.884360      8.447344  1
      1.892140      8.454344  1
      1.899920      8.460244  1
      1.907700      8.465144  1
      1.915480      8.469044  1
      1.923260      8.472044  1
      1.931040      8.473944  1
      1.938820      8.474944  1
      1.946600      8.475044  1
      1.954380      8.474144  1
      1.962160      8.472444  1
      1.969940      8.469944  1
      1.977720      8.466644  1
      1.985500      8.462744  1
      1.993280      8.458244  1
      2.001060      8.453244  1
      2.008840      8.447844  1
      2.016620      8.442044  1
      2.024400      8.436144  1
      2.032180      8.430044  1
      2.039960      8.424044  1
      2.047740      8.418044  1
      2.055520      8.412344  1
      2.063300      8.406844  1
      2.071081      8.401844  1
      2.078861      8.397244  1
      2.086641      8.393244  1
      2.094421      8.389944  1
      2.102201      8.387244  1
      2.109981      8.385244  1
      2.117761      8.383744  1
      2.125541      8.381944  1


      0.000000      8.383944  1
      0.008984      8.386944  1
      0.017967      8.397244  1
      0.026951      8.414844  1
      0.035934      8.439244  1
      0.044918      8.470344  1
      0.053902      8.507944  1
      0.062885      8.551944  1
      0.071869      8.601944  1
      0.080852      8.657644  1
      0.089836      8.718844  1
      0.098820      8.785044  1
      0.107803      8.856044  1
      0.116787      8.931244  1
      0.125770      9.010444  1
      0.134754      9.093044  1
      0.143737      9.178744  1
      0.152721      9.267044  1
      0.161705      9.357544  1
      0.170688      9.449744  1
      0.179672      9.543144  1
      0.188655      9.637444  1
      0.197639      9.732244  1
      0.206623      9.826944  1
      0.215606      9.921444  1
      0.233573      9.909644  1
      0.242557      9.786644  1
      0.251541      9.660744  1
      0.260524      9.532144  1
      0.269508      9.400844  1
      0.278491      9.267044  1
      0.287475      9.131044  1
      0.296459      9.076444  1
      0.305442      9.123744  1
      0.314426      9.172944  1
      0.323409      9.223844  1
      0.332393      9.276544  1
      0.341376      9.330944  1
      0.350360      9.387144  1
      0.359344      9.445144  1
      0.368327      9.504844  1
      0.377311      9.566344  1
      0.386294      9.629644  1
      0.395278      9.694644  1
      0.404262      9.761444  1
      0.413245      9.829944  1
      0.422229      9.900144  1
      0.431212      9.972044  1
      1.131933      9.984244  1
      1.136424      9.896744  1
      1.140916      9.810244  1
      1.145408      9.724744  1
      1.149900      9.640244  1
      1.154392      9.556944  1
      1.158883      9.474644  1
      1.163375      9.393544  1
      1.167867      9.313644  1
      1.172359      9.235044  1
      1.176851      9.157644  1
      1.181342      9.081644  1
      1.185834      9.007044  1
      1.190326      8.933844  1
      1.194818      8.862044  1
      1.199310      8.791844  1
      1.203801      8.723044  1
      1.208293      8.655944  1
      1.212785      8.590444  1
      1.217277      8.526544  1
      1.221768      8.464444  1
      1.226260      8.404044  1
      1.230752      8.345444  1
      1.235244      8.288644  1
      1.239736      8.233744  1
      1.244227      8.180744  1
      1.248719      8.129644  1
      1.253211      8.080544  1
      1.257703      8.033444  1
      1.262195      7.988344  1
      1.266686      7.945444  1
      1.271178      7.904544  1
      1.275670      7.865844  1
      1.280162      7.829344  1
      1.284654      7.795044  1
      1.289145      7.762944  1
      1.293637      7.733144  1
      1.298129      7.705644  1
      1.302621      7.680444  1
      1.307113      7.657544  1
      1.311604      7.637044  1
      1.316096      7.618844  1
      1.320588      7.603044  1
      1.325080      7.589744  1
      1.329572      7.578744  1
      1.334063      7.570244  1
      1.338555      7.564144  1
      1.343047      7.560444  1
      1.347539      7.559244  1
      1.355319      7.559544  1
      1.363099      7.560444  1
      1.370879      7.561844  1
      1.378659      7.563944  1
      1.386439      7.566544  1
      1.394219      7.569744  1
      1.401999      7.573544  1
      1.409779      7.577944  1
      1.417559      7.582844  1
      1.425339      7.588444  1
      1.433119      7.594444  1
      1.440899      7.601144  1
      1.448679      7.608344  1
      1.456459      7.616144  1
      1.464239      7.624444  1
      1.472019      7.633344  1
      1.479799      7.642744  1
      1.487579      7.652644  1
      1.495359      7.663044  1
      1.503139      7.674044  1
      1.510919      7.685544  1
      1.518699      7.697544  1
      1.526479      7.710044  1
      1.534259      7.722944  1
      1.542039      7.736444  1
      1.549819      7.750244  1
      1.557599      7.764644  1
      1.565379      7.779344  1
      1.573159      7.794544  1
      1.580939      7.810144  1
      1.588719      7.826144  1
      1.596499      7.842444  1
      1.604279      7.859144  1
      1.612059      7.876144  1
      1.619839      7.893544  1
      1.627619      7.911144  1
      1.635399      7.929044  1
      1.643179      7.947244  1
      1.650959      7.965644  1
      1.658740      7.984144  1
      1.666520      8.002944  1
      1.674300      8.021844  1
      1.682080      8.040844  1
      1.689860      8.059844  1
      1.697640      8.079044  1
      1.705420      8.098144  1
      1.713200      8.117244  1
      1.720980      8.136344  1
      1.728760      8.155344  1
      1.736540      8.174144  1
      1.744320      8.192744  1
      1.752100      8.211244  1
      1.759880      8.229344  1
      1.767660      8.247244  1
      1.775440      8.264744  1
      1.783220      8.281844  1
      1.791000      8.327844  1
      1.798780      8.459544  1
      1.806560      8.589844  1
      1.814340      8.718544  1
      1.822120      8.845644  1
      1.829900      8.971044  1
      1.837680      9.094644  1
      1.845460      9.216244  1
      1.853240      9.335944  1
      1.861020      9.453444  1
      1.868800      9.568844  1
      1.876580      9.681944  1
      1.884360      9.792644  1
      1.892140      9.900944  1
      1.931040      9.915144  1
      1.938820      9.802644  1
      1.946600      9.693644  1
      1.954380      9.588244  1
      1.962160      9.486644  1
      1.969940      9.388744  1
      1.977720      9.294944  1
      1.985500      9.205044  1
      1.993280      9.119344  1
      2.001060      9.037844  1
      2.008840      8.960744  1
      2.016620      8.888044  1
      2.024400      8.819944  1
      2.032180      8.756444  1
      2.039960      8.697544  1
      2.047740      8.643644  1
      2.055520      8.594444  1
      2.063300      8.550344  1
      2.071081      8.511144  1
      2.078861      8.477144  1
      2.086641      8.448244  1
      2.094421      8.424544  1
      2.102201      8.406044  1
      2.109981      8.392844  1
      2.117761      8.385244  1
      2.125541      8.383944  1


