    50
     1   -0.471639   -0.194500    0.067377       0.020000
     2   -0.336885   -0.116700    0.067377       0.020000
     3   -0.202131   -0.038900    0.067377       0.020000
     4   -0.067377    0.038900    0.067377       0.020000
     5    0.067377    0.116700    0.067377       0.020000
     6    0.202131    0.194500    0.067377       0.020000
     7    0.336885    0.272301    0.067377       0.020000
     8    0.471639    0.350101    0.067377       0.020000
     9    0.606392    0.427901    0.067377       0.020000
    10   -0.606392   -0.272301    0.067377       0.020000
    11   -0.471639   -0.038900    0.067377       0.020000
    12   -0.336885    0.038900    0.067377       0.020000
    13   -0.202131    0.116700    0.067377       0.020000
    14   -0.067377    0.194500    0.067377       0.020000
    15    0.067377    0.272301    0.067377       0.020000
    16    0.202131    0.350101    0.067377       0.020000
    17    0.336885    0.427901    0.067377       0.020000
    18    0.471639    0.505701    0.067377       0.020000
    19    0.606392    0.583501    0.067377       0.020000
    20   -0.606392   -0.116700    0.067377       0.020000
    21   -0.471639    0.116700    0.067377       0.020000
    22   -0.336885    0.194500    0.067377       0.020000
    23   -0.202131    0.272301    0.067377       0.020000
    24   -0.067377    0.350101    0.067377       0.020000
    25    0.067377    0.427901    0.067377       0.020000
    26    0.202131    0.505701    0.067377       0.020000
    27    0.336885    0.583501    0.067377       0.020000
    28    0.471639    0.661302    0.067377       0.020000
    29    0.606392    0.739102    0.067377       0.020000
    30   -0.606392    0.038900    0.067377       0.020000
    31   -0.471639    0.272301    0.067377       0.020000
    32   -0.336885    0.350101    0.067377       0.020000
    33   -0.202131    0.427901    0.067377       0.020000
    34   -0.067377    0.505701    0.067377       0.020000
    35    0.067377    0.583501    0.067377       0.020000
    36    0.202131    0.661302    0.067377       0.020000
    37    0.336885    0.739102    0.067377       0.020000
    38    0.471639    0.816902    0.067377       0.020000
    39    0.606392    0.894702    0.067377       0.020000
    40   -0.606392    0.194500    0.067377       0.020000
    41   -0.471639    0.427901    0.067377       0.020000
    42   -0.336885    0.505701    0.067377       0.020000
    43   -0.202131    0.583501    0.067377       0.020000
    44   -0.067377    0.661302    0.067377       0.020000
    45    0.067377    0.739102    0.067377       0.020000
    46    0.202131    0.816902    0.067377       0.020000
    47    0.336885    0.894702    0.067377       0.020000
    48    0.471639    0.972502    0.067377       0.020000
    49    0.606392    1.050303    0.067377       0.020000
    50   -0.606392    0.350101    0.067377       0.020000
