               -930.9034133444
         -0.000014260       0.000000000       0.000000000
          0.000000000       0.000009748       0.000000000
         -0.000000000       0.000000000       0.000000101
         100
  1     6      -0.000000010       0.013106914       0.000000000  C
  1     6       0.007224136      -0.001497097      -0.000000000  C
  1     6       0.002787707       0.007704064      -0.000000000  C
  1     6      -0.000000010      -0.009871439       0.000000000  C
  1     6       0.002373626      -0.007117680       0.000000000  C
  1     6       0.007859119       0.001263790      -0.000000000  C
  1     6      -0.009333557      -0.005317495       0.000000000  C
  1     6      -0.008692984      -0.081695610      -0.000000000  C
  1     6       0.076587755      -0.030080912       0.000000000  C
  1     6       0.052525914       0.034012527       0.000000000  C
  1     6       0.052564956      -0.035096727      -0.000000000  C
  1     6       0.075655839       0.033030141       0.000000000  C
  1     6      -0.004305869       0.081371896      -0.000000000  C
  1     6      -0.010545088       0.004445154       0.000000000  C
  1     6       0.070832349      -0.016261873      -0.000000000  C
  1     6       0.006487283      -0.078612476       0.000000000  C
  2     1       0.000871805       0.190896828      -0.000000000  H
  2     1      -0.164825991       0.094987168      -0.000000000  H
  2     1      -0.163990897      -0.095723594      -0.000000000  H
  2     1       0.012373358      -0.184119590      -0.000000000  H
  1     6       0.077306164       0.111386100       0.000000000  C
  1     6       0.056260819       0.013901587       0.000000000  C
  1     6      -0.072222174       0.012870256       0.000000000  C
  1     6       0.072307488      -0.012882291       0.000000000  C
  1     6      -0.055400498      -0.128920842       0.000000000  C
  2     1       0.165867068       0.080991936      -0.000000000  H
  2     1      -0.165926881      -0.081250033      -0.000000000  H
  1     6       0.055424324       0.129035077       0.000000000  C
  1     6      -0.006939021       0.078688871       0.000000000  C
  1     6      -0.070708990       0.016299389       0.000000000  C
  1     6      -0.056140965      -0.013933636       0.000000000  C
  1     6      -0.077615897      -0.111399951       0.000000000  C
  2     1      -0.012425435       0.183974075      -0.000000000  H
  2     1       0.163923620       0.095833391      -0.000000000  H
  2     1       0.164770408      -0.095116194      -0.000000000  H
  2     1      -0.000895127      -0.190739760      -0.000000000  H
  1     6       0.008635622       0.081637513      -0.000000000  C
  1     6       0.009248948       0.005271211       0.000000000  C
  1     6       0.010461632      -0.004397073       0.000000000  C
  1     6       0.004248941      -0.081311825      -0.000000000  C
  1     6      -0.075577158      -0.033185351       0.000000000  C
  1     6      -0.052681439       0.034999202      -0.000000000  C
  1     6      -0.052640434      -0.033916112      -0.000000000  C
  1     6      -0.076512001       0.030237001       0.000000000  C
  1     6      -0.006925892       0.001449988       0.000000000  C
  1     6       0.000000012      -0.013379258      -0.000000000  C
  1     6       0.000000012       0.013536784       0.000000000  C
  1     6      -0.007561661      -0.001216779       0.000000000  C
  1     6      -0.002074051       0.007059811       0.000000000  C
  1     6       0.000000011      -0.009728016       0.000000000  C
  1     6       0.000000011       0.010141118       0.000000000  C
  1     6      -0.002488824      -0.007645974       0.000000000  C
  1     6       0.006925881       0.001449985      -0.000000000  C
  1     6      -0.009248959       0.005271209       0.000000000  C
  1     6      -0.010461643      -0.004397071       0.000000000  C
  1     6       0.007561650      -0.001216776      -0.000000000  C
  1     6       0.002074040       0.007059808       0.000000000  C
  1     6       0.052681428       0.034999200      -0.000000000  C
  1     6       0.052640423      -0.033916110      -0.000000000  C
  1     6       0.002488813      -0.007645971       0.000000000  C
  1     6      -0.008635598       0.081637510       0.000000000  C
  1     6       0.070708977       0.016299393       0.000000000  C
  1     6       0.056140952      -0.013933640       0.000000000  C
  1     6      -0.004248917      -0.081311822      -0.000000000  C
  1     6       0.075577170      -0.033185347       0.000000000  C
  2     1      -0.163923620       0.095833390      -0.000000000  H
  2     1      -0.164770408      -0.095116193      -0.000000000  H
  1     6       0.076512014       0.030236997       0.000000000  C
  1     6       0.006939009       0.078688876       0.000000000  C
  1     6      -0.072307463      -0.012882289      -0.000000000  C
  1     6       0.055400511      -0.128920837       0.000000000  C
  1     6       0.077615886      -0.111399957       0.000000000  C
  2     1       0.012425435       0.183974074      -0.000000000  H
  2     1       0.165926882      -0.081250032      -0.000000000  H
  2     1       0.000895127      -0.190739759      -0.000000000  H
  1     6       0.072222161       0.012870253       0.000000000  C
  1     6      -0.006487294      -0.078612480       0.000000000  C
  2     1      -0.000871805       0.190896827      -0.000000000  H
  2     1      -0.165867069       0.080991936      -0.000000000  H
  2     1      -0.012373358      -0.184119589      -0.000000000  H
  1     6      -0.077306173       0.111386105       0.000000000  C
  1     6      -0.055424327       0.129035073       0.000000000  C
  1     6      -0.070832325      -0.016261875       0.000000000  C
  1     6       0.008692973      -0.081695606      -0.000000000  C
  1     6      -0.076587757      -0.030080909       0.000000000  C
  2     1       0.164825992       0.094987167      -0.000000000  H
  2     1       0.163990898      -0.095723593      -0.000000000  H
  1     6      -0.075655842       0.033030138       0.000000000  C
  1     6       0.004305858       0.081371892      -0.000000000  C
  1     6      -0.056260796       0.013901589       0.000000000  C
  1     6       0.009333546      -0.005317493       0.000000000  C
  1     6      -0.007224114      -0.001497098       0.000000000  C
  1     6      -0.002787685       0.007704064       0.000000000  C
  1     6      -0.052525924       0.034012523      -0.000000000  C
  1     6      -0.052564966      -0.035096723       0.000000000  C
  1     6      -0.002373604      -0.007117681      -0.000000000  C
  1     6      -0.007859097       0.001263791      -0.000000000  C
  1     6       0.010545076       0.004445152       0.000000000  C
  1     6      -0.000000010       0.009458715       0.000000000  C
  1     6      -0.000000010      -0.013264189       0.000000000  C
