   390
     1   -0.048528    0.000000    0.000000       0.001333
     2   -0.041596    0.000000    0.000000       0.001333
     3   -0.034663    0.000000    0.000000       0.001333
     4   -0.027730    0.000000    0.000000       0.001333
     5   -0.020798    0.000000    0.000000       0.001333
     6   -0.013865    0.000000    0.000000       0.001333
     7   -0.006933    0.000000    0.000000       0.001333
     8    0.000000    0.000000    0.000000       0.001333
     9    0.006933    0.000000    0.000000       0.001333
    10    0.013865    0.000000    0.000000       0.001333
    11    0.020798    0.000000    0.000000       0.001333
    12    0.027730    0.000000    0.000000       0.001333
    13    0.034663    0.000000    0.000000       0.001333
    14    0.041596    0.000000    0.000000       0.001333
    15    0.048528    0.000000    0.000000       0.001333
    16   -0.048528    0.007805    0.000000       0.002667
    17   -0.041596    0.007805    0.000000       0.002667
    18   -0.034663    0.007805    0.000000       0.002667
    19   -0.027730    0.007805    0.000000       0.002667
    20   -0.020798    0.007805    0.000000       0.002667
    21   -0.013865    0.007805    0.000000       0.002667
    22   -0.006933    0.007805    0.000000       0.002667
    23    0.000000    0.007805    0.000000       0.002667
    24    0.006933    0.007805    0.000000       0.002667
    25    0.013865    0.007805    0.000000       0.002667
    26    0.020798    0.007805    0.000000       0.002667
    27    0.027730    0.007805    0.000000       0.002667
    28    0.034663    0.007805    0.000000       0.002667
    29    0.041596    0.007805    0.000000       0.002667
    30    0.048528    0.007805    0.000000       0.002667
    31   -0.048528    0.015610    0.000000       0.002667
    32   -0.041596    0.015610    0.000000       0.002667
    33   -0.034663    0.015610    0.000000       0.002667
    34   -0.027730    0.015610    0.000000       0.002667
    35   -0.020798    0.015610    0.000000       0.002667
    36   -0.013865    0.015610    0.000000       0.002667
    37   -0.006933    0.015610    0.000000       0.002667
    38    0.000000    0.015610    0.000000       0.002667
    39    0.006933    0.015610    0.000000       0.002667
    40    0.013865    0.015610    0.000000       0.002667
    41    0.020798    0.015610    0.000000       0.002667
    42    0.027730    0.015610    0.000000       0.002667
    43    0.034663    0.015610    0.000000       0.002667
    44    0.041596    0.015610    0.000000       0.002667
    45    0.048528    0.015610    0.000000       0.002667
    46   -0.048528    0.023415    0.000000       0.002667
    47   -0.041596    0.023415    0.000000       0.002667
    48   -0.034663    0.023415    0.000000       0.002667
    49   -0.027730    0.023415    0.000000       0.002667
    50   -0.020798    0.023415    0.000000       0.002667
    51   -0.013865    0.023415    0.000000       0.002667
    52   -0.006933    0.023415    0.000000       0.002667
    53    0.000000    0.023415    0.000000       0.002667
    54    0.006933    0.023415    0.000000       0.002667
    55    0.013865    0.023415    0.000000       0.002667
    56    0.020798    0.023415    0.000000       0.002667
    57    0.027730    0.023415    0.000000       0.002667
    58    0.034663    0.023415    0.000000       0.002667
    59    0.041596    0.023415    0.000000       0.002667
    60    0.048528    0.023415    0.000000       0.002667
    61   -0.048528    0.031220    0.000000       0.002667
    62   -0.041596    0.031220    0.000000       0.002667
    63   -0.034663    0.031220    0.000000       0.002667
    64   -0.027730    0.031220    0.000000       0.002667
    65   -0.020798    0.031220    0.000000       0.002667
    66   -0.013865    0.031220    0.000000       0.002667
    67   -0.006933    0.031220    0.000000       0.002667
    68    0.000000    0.031220    0.000000       0.002667
    69    0.006933    0.031220    0.000000       0.002667
    70    0.013865    0.031220    0.000000       0.002667
    71    0.020798    0.031220    0.000000       0.002667
    72    0.027730    0.031220    0.000000       0.002667
    73    0.034663    0.031220    0.000000       0.002667
    74    0.041596    0.031220    0.000000       0.002667
    75    0.048528    0.031220    0.000000       0.002667
    76   -0.048528    0.039025    0.000000       0.002667
    77   -0.041596    0.039025    0.000000       0.002667
    78   -0.034663    0.039025    0.000000       0.002667
    79   -0.027730    0.039025    0.000000       0.002667
    80   -0.020798    0.039025    0.000000       0.002667
    81   -0.013865    0.039025    0.000000       0.002667
    82   -0.006933    0.039025    0.000000       0.002667
    83    0.000000    0.039025    0.000000       0.002667
    84    0.006933    0.039025    0.000000       0.002667
    85    0.013865    0.039025    0.000000       0.002667
    86    0.020798    0.039025    0.000000       0.002667
    87    0.027730    0.039025    0.000000       0.002667
    88    0.034663    0.039025    0.000000       0.002667
    89    0.041596    0.039025    0.000000       0.002667
    90    0.048528    0.039025    0.000000       0.002667
    91   -0.048528    0.046830    0.000000       0.002667
    92   -0.041596    0.046830    0.000000       0.002667
    93   -0.034663    0.046830    0.000000       0.002667
    94   -0.027730    0.046830    0.000000       0.002667
    95   -0.020798    0.046830    0.000000       0.002667
    96   -0.013865    0.046830    0.000000       0.002667
    97   -0.006933    0.046830    0.000000       0.002667
    98    0.000000    0.046830    0.000000       0.002667
    99    0.006933    0.046830    0.000000       0.002667
   100    0.013865    0.046830    0.000000       0.002667
   101    0.020798    0.046830    0.000000       0.002667
   102    0.027730    0.046830    0.000000       0.002667
   103    0.034663    0.046830    0.000000       0.002667
   104    0.041596    0.046830    0.000000       0.002667
   105    0.048528    0.046830    0.000000       0.002667
   106   -0.048528    0.054635    0.000000       0.002667
   107   -0.041596    0.054635    0.000000       0.002667
   108   -0.034663    0.054635    0.000000       0.002667
   109   -0.027730    0.054635    0.000000       0.002667
   110   -0.020798    0.054635    0.000000       0.002667
   111   -0.013865    0.054635    0.000000       0.002667
   112   -0.006933    0.054635    0.000000       0.002667
   113    0.000000    0.054635    0.000000       0.002667
   114    0.006933    0.054635    0.000000       0.002667
   115    0.013865    0.054635    0.000000       0.002667
   116    0.020798    0.054635    0.000000       0.002667
   117    0.027730    0.054635    0.000000       0.002667
   118    0.034663    0.054635    0.000000       0.002667
   119    0.041596    0.054635    0.000000       0.002667
   120    0.048528    0.054635    0.000000       0.002667
   121   -0.048528    0.062440    0.000000       0.002667
   122   -0.041596    0.062440    0.000000       0.002667
   123   -0.034663    0.062440    0.000000       0.002667
   124   -0.027730    0.062440    0.000000       0.002667
   125   -0.020798    0.062440    0.000000       0.002667
   126   -0.013865    0.062440    0.000000       0.002667
   127   -0.006933    0.062440    0.000000       0.002667
   128    0.000000    0.062440    0.000000       0.002667
   129    0.006933    0.062440    0.000000       0.002667
   130    0.013865    0.062440    0.000000       0.002667
   131    0.020798    0.062440    0.000000       0.002667
   132    0.027730    0.062440    0.000000       0.002667
   133    0.034663    0.062440    0.000000       0.002667
   134    0.041596    0.062440    0.000000       0.002667
   135    0.048528    0.062440    0.000000       0.002667
   136   -0.048528    0.070245    0.000000       0.002667
   137   -0.041596    0.070245    0.000000       0.002667
   138   -0.034663    0.070245    0.000000       0.002667
   139   -0.027730    0.070245    0.000000       0.002667
   140   -0.020798    0.070245    0.000000       0.002667
   141   -0.013865    0.070245    0.000000       0.002667
   142   -0.006933    0.070245    0.000000       0.002667
   143    0.000000    0.070245    0.000000       0.002667
   144    0.006933    0.070245    0.000000       0.002667
   145    0.013865    0.070245    0.000000       0.002667
   146    0.020798    0.070245    0.000000       0.002667
   147    0.027730    0.070245    0.000000       0.002667
   148    0.034663    0.070245    0.000000       0.002667
   149    0.041596    0.070245    0.000000       0.002667
   150    0.048528    0.070245    0.000000       0.002667
   151   -0.048528    0.078050    0.000000       0.002667
   152   -0.041596    0.078050    0.000000       0.002667
   153   -0.034663    0.078050    0.000000       0.002667
   154   -0.027730    0.078050    0.000000       0.002667
   155   -0.020798    0.078050    0.000000       0.002667
   156   -0.013865    0.078050    0.000000       0.002667
   157   -0.006933    0.078050    0.000000       0.002667
   158    0.000000    0.078050    0.000000       0.002667
   159    0.006933    0.078050    0.000000       0.002667
   160    0.013865    0.078050    0.000000       0.002667
   161    0.020798    0.078050    0.000000       0.002667
   162    0.027730    0.078050    0.000000       0.002667
   163    0.034663    0.078050    0.000000       0.002667
   164    0.041596    0.078050    0.000000       0.002667
   165    0.048528    0.078050    0.000000       0.002667
   166   -0.048528    0.085855    0.000000       0.002667
   167   -0.041596    0.085855    0.000000       0.002667
   168   -0.034663    0.085855    0.000000       0.002667
   169   -0.027730    0.085855    0.000000       0.002667
   170   -0.020798    0.085855    0.000000       0.002667
   171   -0.013865    0.085855    0.000000       0.002667
   172   -0.006933    0.085855    0.000000       0.002667
   173    0.000000    0.085855    0.000000       0.002667
   174    0.006933    0.085855    0.000000       0.002667
   175    0.013865    0.085855    0.000000       0.002667
   176    0.020798    0.085855    0.000000       0.002667
   177    0.027730    0.085855    0.000000       0.002667
   178    0.034663    0.085855    0.000000       0.002667
   179    0.041596    0.085855    0.000000       0.002667
   180    0.048528    0.085855    0.000000       0.002667
   181   -0.048528    0.093660    0.000000       0.002667
   182   -0.041596    0.093660    0.000000       0.002667
   183   -0.034663    0.093660    0.000000       0.002667
   184   -0.027730    0.093660    0.000000       0.002667
   185   -0.020798    0.093660    0.000000       0.002667
   186   -0.013865    0.093660    0.000000       0.002667
   187   -0.006933    0.093660    0.000000       0.002667
   188    0.000000    0.093660    0.000000       0.002667
   189    0.006933    0.093660    0.000000       0.002667
   190    0.013865    0.093660    0.000000       0.002667
   191    0.020798    0.093660    0.000000       0.002667
   192    0.027730    0.093660    0.000000       0.002667
   193    0.034663    0.093660    0.000000       0.002667
   194    0.041596    0.093660    0.000000       0.002667
   195    0.048528    0.093660    0.000000       0.002667
   196   -0.048528    0.101465    0.000000       0.002667
   197   -0.041596    0.101465    0.000000       0.002667
   198   -0.034663    0.101465    0.000000       0.002667
   199   -0.027730    0.101465    0.000000       0.002667
   200   -0.020798    0.101465    0.000000       0.002667
   201   -0.013865    0.101465    0.000000       0.002667
   202   -0.006933    0.101465    0.000000       0.002667
   203    0.000000    0.101465    0.000000       0.002667
   204    0.006933    0.101465    0.000000       0.002667
   205    0.013865    0.101465    0.000000       0.002667
   206    0.020798    0.101465    0.000000       0.002667
   207    0.027730    0.101465    0.000000       0.002667
   208    0.034663    0.101465    0.000000       0.002667
   209    0.041596    0.101465    0.000000       0.002667
   210    0.048528    0.101465    0.000000       0.002667
   211   -0.048528    0.109270    0.000000       0.002667
   212   -0.041596    0.109270    0.000000       0.002667
   213   -0.034663    0.109270    0.000000       0.002667
   214   -0.027730    0.109270    0.000000       0.002667
   215   -0.020798    0.109270    0.000000       0.002667
   216   -0.013865    0.109270    0.000000       0.002667
   217   -0.006933    0.109270    0.000000       0.002667
   218    0.000000    0.109270    0.000000       0.002667
   219    0.006933    0.109270    0.000000       0.002667
   220    0.013865    0.109270    0.000000       0.002667
   221    0.020798    0.109270    0.000000       0.002667
   222    0.027730    0.109270    0.000000       0.002667
   223    0.034663    0.109270    0.000000       0.002667
   224    0.041596    0.109270    0.000000       0.002667
   225    0.048528    0.109270    0.000000       0.002667
   226   -0.048528    0.117075    0.000000       0.002667
   227   -0.041596    0.117075    0.000000       0.002667
   228   -0.034663    0.117075    0.000000       0.002667
   229   -0.027730    0.117075    0.000000       0.002667
   230   -0.020798    0.117075    0.000000       0.002667
   231   -0.013865    0.117075    0.000000       0.002667
   232   -0.006933    0.117075    0.000000       0.002667
   233    0.000000    0.117075    0.000000       0.002667
   234    0.006933    0.117075    0.000000       0.002667
   235    0.013865    0.117075    0.000000       0.002667
   236    0.020798    0.117075    0.000000       0.002667
   237    0.027730    0.117075    0.000000       0.002667
   238    0.034663    0.117075    0.000000       0.002667
   239    0.041596    0.117075    0.000000       0.002667
   240    0.048528    0.117075    0.000000       0.002667
   241   -0.048528    0.124880    0.000000       0.002667
   242   -0.041596    0.124880    0.000000       0.002667
   243   -0.034663    0.124880    0.000000       0.002667
   244   -0.027730    0.124880    0.000000       0.002667
   245   -0.020798    0.124880    0.000000       0.002667
   246   -0.013865    0.124880    0.000000       0.002667
   247   -0.006933    0.124880    0.000000       0.002667
   248    0.000000    0.124880    0.000000       0.002667
   249    0.006933    0.124880    0.000000       0.002667
   250    0.013865    0.124880    0.000000       0.002667
   251    0.020798    0.124880    0.000000       0.002667
   252    0.027730    0.124880    0.000000       0.002667
   253    0.034663    0.124880    0.000000       0.002667
   254    0.041596    0.124880    0.000000       0.002667
   255    0.048528    0.124880    0.000000       0.002667
   256   -0.048528    0.132684    0.000000       0.002667
   257   -0.041596    0.132684    0.000000       0.002667
   258   -0.034663    0.132684    0.000000       0.002667
   259   -0.027730    0.132684    0.000000       0.002667
   260   -0.020798    0.132684    0.000000       0.002667
   261   -0.013865    0.132684    0.000000       0.002667
   262   -0.006933    0.132684    0.000000       0.002667
   263    0.000000    0.132684    0.000000       0.002667
   264    0.006933    0.132684    0.000000       0.002667
   265    0.013865    0.132684    0.000000       0.002667
   266    0.020798    0.132684    0.000000       0.002667
   267    0.027730    0.132684    0.000000       0.002667
   268    0.034663    0.132684    0.000000       0.002667
   269    0.041596    0.132684    0.000000       0.002667
   270    0.048528    0.132684    0.000000       0.002667
   271   -0.048528    0.140489    0.000000       0.002667
   272   -0.041596    0.140489    0.000000       0.002667
   273   -0.034663    0.140489    0.000000       0.002667
   274   -0.027730    0.140489    0.000000       0.002667
   275   -0.020798    0.140489    0.000000       0.002667
   276   -0.013865    0.140489    0.000000       0.002667
   277   -0.006933    0.140489    0.000000       0.002667
   278    0.000000    0.140489    0.000000       0.002667
   279    0.006933    0.140489    0.000000       0.002667
   280    0.013865    0.140489    0.000000       0.002667
   281    0.020798    0.140489    0.000000       0.002667
   282    0.027730    0.140489    0.000000       0.002667
   283    0.034663    0.140489    0.000000       0.002667
   284    0.041596    0.140489    0.000000       0.002667
   285    0.048528    0.140489    0.000000       0.002667
   286   -0.048528    0.148294    0.000000       0.002667
   287   -0.041596    0.148294    0.000000       0.002667
   288   -0.034663    0.148294    0.000000       0.002667
   289   -0.027730    0.148294    0.000000       0.002667
   290   -0.020798    0.148294    0.000000       0.002667
   291   -0.013865    0.148294    0.000000       0.002667
   292   -0.006933    0.148294    0.000000       0.002667
   293    0.000000    0.148294    0.000000       0.002667
   294    0.006933    0.148294    0.000000       0.002667
   295    0.013865    0.148294    0.000000       0.002667
   296    0.020798    0.148294    0.000000       0.002667
   297    0.027730    0.148294    0.000000       0.002667
   298    0.034663    0.148294    0.000000       0.002667
   299    0.041596    0.148294    0.000000       0.002667
   300    0.048528    0.148294    0.000000       0.002667
   301   -0.048528    0.156099    0.000000       0.002667
   302   -0.041596    0.156099    0.000000       0.002667
   303   -0.034663    0.156099    0.000000       0.002667
   304   -0.027730    0.156099    0.000000       0.002667
   305   -0.020798    0.156099    0.000000       0.002667
   306   -0.013865    0.156099    0.000000       0.002667
   307   -0.006933    0.156099    0.000000       0.002667
   308    0.000000    0.156099    0.000000       0.002667
   309    0.006933    0.156099    0.000000       0.002667
   310    0.013865    0.156099    0.000000       0.002667
   311    0.020798    0.156099    0.000000       0.002667
   312    0.027730    0.156099    0.000000       0.002667
   313    0.034663    0.156099    0.000000       0.002667
   314    0.041596    0.156099    0.000000       0.002667
   315    0.048528    0.156099    0.000000       0.002667
   316   -0.048528    0.163904    0.000000       0.002667
   317   -0.041596    0.163904    0.000000       0.002667
   318   -0.034663    0.163904    0.000000       0.002667
   319   -0.027730    0.163904    0.000000       0.002667
   320   -0.020798    0.163904    0.000000       0.002667
   321   -0.013865    0.163904    0.000000       0.002667
   322   -0.006933    0.163904    0.000000       0.002667
   323    0.000000    0.163904    0.000000       0.002667
   324    0.006933    0.163904    0.000000       0.002667
   325    0.013865    0.163904    0.000000       0.002667
   326    0.020798    0.163904    0.000000       0.002667
   327    0.027730    0.163904    0.000000       0.002667
   328    0.034663    0.163904    0.000000       0.002667
   329    0.041596    0.163904    0.000000       0.002667
   330    0.048528    0.163904    0.000000       0.002667
   331   -0.048528    0.171709    0.000000       0.002667
   332   -0.041596    0.171709    0.000000       0.002667
   333   -0.034663    0.171709    0.000000       0.002667
   334   -0.027730    0.171709    0.000000       0.002667
   335   -0.020798    0.171709    0.000000       0.002667
   336   -0.013865    0.171709    0.000000       0.002667
   337   -0.006933    0.171709    0.000000       0.002667
   338    0.000000    0.171709    0.000000       0.002667
   339    0.006933    0.171709    0.000000       0.002667
   340    0.013865    0.171709    0.000000       0.002667
   341    0.020798    0.171709    0.000000       0.002667
   342    0.027730    0.171709    0.000000       0.002667
   343    0.034663    0.171709    0.000000       0.002667
   344    0.041596    0.171709    0.000000       0.002667
   345    0.048528    0.171709    0.000000       0.002667
   346   -0.048528    0.179514    0.000000       0.002667
   347   -0.041596    0.179514    0.000000       0.002667
   348   -0.034663    0.179514    0.000000       0.002667
   349   -0.027730    0.179514    0.000000       0.002667
   350   -0.020798    0.179514    0.000000       0.002667
   351   -0.013865    0.179514    0.000000       0.002667
   352   -0.006933    0.179514    0.000000       0.002667
   353    0.000000    0.179514    0.000000       0.002667
   354    0.006933    0.179514    0.000000       0.002667
   355    0.013865    0.179514    0.000000       0.002667
   356    0.020798    0.179514    0.000000       0.002667
   357    0.027730    0.179514    0.000000       0.002667
   358    0.034663    0.179514    0.000000       0.002667
   359    0.041596    0.179514    0.000000       0.002667
   360    0.048528    0.179514    0.000000       0.002667
   361   -0.048528    0.187319    0.000000       0.002667
   362   -0.041596    0.187319    0.000000       0.002667
   363   -0.034663    0.187319    0.000000       0.002667
   364   -0.027730    0.187319    0.000000       0.002667
   365   -0.020798    0.187319    0.000000       0.002667
   366   -0.013865    0.187319    0.000000       0.002667
   367   -0.006933    0.187319    0.000000       0.002667
   368    0.000000    0.187319    0.000000       0.002667
   369    0.006933    0.187319    0.000000       0.002667
   370    0.013865    0.187319    0.000000       0.002667
   371    0.020798    0.187319    0.000000       0.002667
   372    0.027730    0.187319    0.000000       0.002667
   373    0.034663    0.187319    0.000000       0.002667
   374    0.041596    0.187319    0.000000       0.002667
   375    0.048528    0.187319    0.000000       0.002667
   376   -0.048528    0.195124    0.000000       0.001333
   377   -0.041596    0.195124    0.000000       0.001333
   378   -0.034663    0.195124    0.000000       0.001333
   379   -0.027730    0.195124    0.000000       0.001333
   380   -0.020798    0.195124    0.000000       0.001333
   381   -0.013865    0.195124    0.000000       0.001333
   382   -0.006933    0.195124    0.000000       0.001333
   383    0.000000    0.195124    0.000000       0.001333
   384    0.006933    0.195124    0.000000       0.001333
   385    0.013865    0.195124    0.000000       0.001333
   386    0.020798    0.195124    0.000000       0.001333
   387    0.027730    0.195124    0.000000       0.001333
   388    0.034663    0.195124    0.000000       0.001333
   389    0.041596    0.195124    0.000000       0.001333
   390    0.048528    0.195124    0.000000       0.001333
