               -364.4263165395
          0.000000006      -0.000000002      -0.000000004
         -0.000000002       0.000000003       0.000000004
         -0.000000004       0.000000004      -0.000000001
          28
  1     6      -0.000283444       0.000286520      -0.000034238  C
  1     6       0.000021145      -0.000097768       0.000097544  C
  1     6       0.000214691      -0.000059997       0.000109306  C
  1     6      -0.000051426      -0.000096992       0.000060475  C
  1     6      -0.000181998      -0.000040972      -0.000079068  C
  1     6       0.000237467      -0.000296612      -0.000003608  C
  2     1      -0.000086821      -0.000123546       0.000087108  H
  2     1      -0.000134731       0.000334749       0.000192078  H
  2     1       0.000117260       0.000176156       0.000320899  H
  3    16       0.000084900       0.000051626      -0.000205068  S
  2     1       0.000103605       0.000034966       0.000075330  H
  4     7       0.000019122       0.000254085       0.000069823  N
  5     8      -0.000118790      -0.000030893       0.000107175  O
  5     8      -0.000032788      -0.000020292      -0.000064637  O
  1     6       0.000301232      -0.000007091       0.000004958  C
  1     6       0.000004443      -0.000026617      -0.000047417  C
  1     6      -0.000236861      -0.000134501       0.000229845  C
  1     6      -0.000028562      -0.000015445      -0.000007289  C
  1     6       0.000298054       0.000097716      -0.000300108  C
  1     6      -0.000244655       0.000102600      -0.000053497  C
  2     1       0.000033004      -0.000040286      -0.000068194  H
  2     1       0.000093205      -0.000018226      -0.000125758  H
  2     1      -0.000036252      -0.000212248       0.000031602  H
  3    16       0.000066547       0.000043096       0.000046676  S
  2     1       0.000087543      -0.000072212      -0.000067925  H
  4     7      -0.000075360      -0.000125567       0.000335772  N
  5     8      -0.000095303       0.000159875      -0.000080910  O
  5     8      -0.000150721      -0.000046860      -0.000120461  O
