               -317.8281998196
         -0.000000008       0.000000005       0.000000004
          0.000000005       0.000000009      -0.000000004
          0.000000004      -0.000000004       0.000000013
          26
  3     7       0.000262832      -0.000094200       0.000037711  N
  3     7       0.000120943       0.000048569      -0.000127093  N
  1     6      -0.000137928      -0.000117164       0.000109994  C
  1     6      -0.000007699      -0.000129592       0.000063424  C
  1     6       0.000300391      -0.000074113      -0.000313479  C
  1     6       0.000007741      -0.000006892       0.000007687  C
  4     8       0.000114547       0.000043502      -0.000038298  O
  4     8      -0.000293876       0.000166255      -0.000050134  O
  4     8      -0.000372954      -0.000209617       0.000064674  O
  4     8       0.000114164      -0.000066112       0.000093843  O
  1     6       0.000120234       0.000114533       0.000034889  C
  1     6       0.000182657       0.000138331      -0.000276404  C
  1     6      -0.000147514      -0.000174935      -0.000053730  C
  1     6      -0.000324903       0.000002857      -0.000155702  C
  1     6      -0.000055715       0.000062157      -0.000181128  C
  1     6       0.000001931       0.000021750      -0.000103401  C
  1     6      -0.000088309       0.000045937       0.000019220  C
  1     6       0.000122964       0.000123827       0.000121712  C
  2     1       0.000071354      -0.000191873      -0.000125199  H
  2     1      -0.000088015       0.000126560      -0.000140183  H
  2     1       0.000163035       0.000037109       0.000013346  H
  2     1       0.000061767      -0.000115297       0.000102369  H
  2     1       0.000058329       0.000089250      -0.000041146  H
  2     1      -0.000161267      -0.000099807      -0.000183002  H
  2     1      -0.000020774       0.000048678      -0.000046019  H
  2     1      -0.000020011      -0.000036598      -0.000025029  H
