               -163.7939920557
          0.000000371      -0.000000000      -0.000000000
         -0.000000000      -0.000012917      -0.000000000
          0.000000000      -0.000000000       0.000000024
          18
  1     1      -0.001109469       0.000179259       0.000000000  H
  1     1      -0.001109468      -0.000179260       0.000000000  H
  1     1       0.000809159      -0.000600050       0.000000000  H
  1     1       0.000809159       0.000600050       0.000000000  H
  2     6      -0.000098330       0.000122585      -0.000000000  C
  2     6       0.001631200       0.000506537      -0.000000000  C
  2     6       0.001631201      -0.000506537      -0.000000000  C
  2     6      -0.000098331      -0.000122585      -0.000000000  C
  2     6      -0.000119640       0.001260502      -0.000000000  C
  2     6       0.000339780       0.000299296       0.000000000  C
  2     6       0.000339780      -0.000299296       0.000000001  C
  2     6      -0.000119638      -0.001260503      -0.000000000  C
  2     6      -0.001020989       0.000022778      -0.000000000  C
  2     6       0.000763473       0.000760575       0.000000001  C
  2     6       0.000763473      -0.000760573       0.000000000  C
  2     6      -0.001020989      -0.000022779      -0.000000000  C
  2     6      -0.001933909      -0.000263457       0.000000000  C
  2     6      -0.001933909       0.000263456       0.000000000  C
