              -1224.6312925289
         -0.000002785       0.000000128       0.000000030
          0.000000128      -0.000001671      -0.000000002
          0.000000030      -0.000000002       0.000000222
         140
  1     1       0.006539393       0.002860100      -0.003999592  H
  1     1      -0.005879291      -0.004624332      -0.002706030  H
  1     1      -0.000184980      -0.000041506      -0.000227161  H
  1     1      -0.000147270      -0.000004884      -0.000044213  H
  1     1      -0.000382565       0.000068961       0.000109762  H
  1     1       0.000089912      -0.000039889       0.000057438  H
  1     1       0.000209458      -0.000025399       0.000178456  H
  1     1       0.006131236      -0.004825529       0.002756254  H
  1     1       0.000322785       0.000025318      -0.000119784  H
  1     1      -0.003740824      -0.001538891       0.001622403  H
  1     1      -0.006347750      -0.002806175       0.004046995  H
  1     1      -0.005783945       0.004428331       0.003057242  H
  1     1       0.005661524       0.004377580      -0.002923736  H
  1     1      -0.006610245      -0.003059709      -0.003996121  H
  1     1       0.005667749       0.005015055       0.004434653  H
  1     1       0.003504904       0.001511925       0.001776594  H
  1     1       0.006479178       0.003017987       0.003803559  H
  1     1      -0.002691072      -0.002652720      -0.002845490  H
  1     1      -0.005573904      -0.004780305       0.004465522  H
  1     1       0.002880174       0.002741845      -0.002807440  H
  1     1      -0.003367673       0.001454928      -0.001628817  H
  1     1      -0.006533442       0.002816476       0.004489648  H
  1     1       0.007307553      -0.002886959      -0.002885141  H
  1     1      -0.005601079       0.004904636      -0.003964626  H
  1     1      -0.007661935       0.003241848      -0.002788532  H
  1     1       0.006802962      -0.003086674       0.004596593  H
  1     1       0.002167700      -0.001905520       0.004094197  H
  1     1       0.005289860      -0.004459190      -0.003923180  H
  1     1      -0.000258969      -0.000037695      -0.000128010  H
  1     1      -0.000179483      -0.000155353       0.000006310  H
  1     1      -0.000231456       0.000019373       0.000180916  H
  1     1       0.000232195       0.000030064      -0.000279460  H
  1     1       0.000149458      -0.000151758      -0.000051723  H
  1     1       0.000314048      -0.000014338       0.000107503  H
  1     1      -0.002309644       0.001923693       0.004007141  H
  1     1       0.003563357      -0.001433581      -0.001547776  H
  2     6       0.000201601      -0.000022283       0.000019193  C
  2     6       0.000104101       0.000094600       0.000042627  C
  2     6      -0.000003460      -0.000102202       0.000020744  C
  2     6      -0.000006354       0.000320484       0.000014447  C
  2     6      -0.000037351      -0.000237279       0.000056812  C
  2     6      -0.000173290      -0.000080415       0.000000075  C
  2     6      -0.000004858       0.000035955       0.000013808  C
  2     6      -0.000204666      -0.000273577       0.000025669  C
  2     6       0.000956234       0.000276199      -0.000042502  C
  2     6      -0.000616114       0.000219566      -0.000099297  C
  2     6       0.000254819       0.000198546       0.000011689  C
  2     6       0.000152569       0.000091236      -0.000017712  C
  2     6      -0.001565345      -0.001110167       0.000047284  C
  2     6       0.001869461       0.000406584      -0.000641448  C
  2     6      -0.003765371      -0.000398902      -0.003578219  C
  2     6      -0.001825622       0.000437094       0.000580667  C
  2     6       0.003686487      -0.000357186       0.003696106  C
  2     6       0.001377032      -0.001106494      -0.000048762  C
  2     6       0.000138502      -0.000203353       0.000002687  C
  2     6      -0.000983897       0.000350940      -0.000003006  C
  2     6       0.000623983       0.000274003       0.000057997  C
  2     6      -0.000282445       0.000133279       0.000063627  C
  2     6      -0.000201402       0.000046970      -0.000000081  C
  2     6       0.000015788      -0.000051507       0.000042819  C
  2     6       0.000088884      -0.000010741       0.000069134  C
  2     6      -0.000022966      -0.000112915       0.000006275  C
  2     6      -0.000117551      -0.000020200      -0.000013008  C
  2     6       0.000044607      -0.000083849      -0.000038233  C
  2     6       0.000093995       0.000341773      -0.000262709  C
  2     6      -0.000182621      -0.000177697       0.000023474  C
  2     6      -0.000050382      -0.000072847       0.000086480  C
  2     6       0.001786473       0.001177638       0.001097158  C
  2     6      -0.004256037      -0.004498206       0.002767126  C
  2     6       0.002880894       0.001472004      -0.000060138  C
  2     6       0.004330594      -0.004696559      -0.002676818  C
  2     6      -0.003305617       0.000808272      -0.000116686  C
  2     6      -0.001879838       0.001302329      -0.001146429  C
  2     6       0.000149370      -0.000210227      -0.000095009  C
  2     6      -0.000046664       0.000354501       0.000327129  C
  2     6       0.000057128      -0.000022138      -0.000013990  C
  2     6      -0.000012391      -0.000224300       0.000001166  C
  2     6      -0.000008516       0.000019153      -0.000027531  C
  2     6      -0.000003198      -0.000008745       0.000017307  C
  2     6      -0.000012692       0.000056643      -0.000014284  C
  2     6       0.000056847      -0.000163898       0.000037702  C
  2     6       0.000115262       0.000060638       0.000073432  C
  2     6       0.000984806      -0.000412528      -0.000011457  C
  2     6       0.000063330      -0.000456753       0.000365752  C
  2     6      -0.000489387      -0.000299713       0.000108620  C
  2     6      -0.000020573      -0.000007034      -0.000004943  C
  2     6       0.001703112      -0.001325885      -0.001193653  C
  2     6      -0.001387121       0.000972813      -0.000096245  C
  2     6       0.001570736      -0.000254431       0.000526644  C
  2     6      -0.004119582       0.004453385      -0.002497402  C
  2     6      -0.009137647       0.005271776       0.001050383  C
  2     6       0.008755046      -0.005669078       0.007321528  C
  2     6      -0.001629297      -0.000338899      -0.000604227  C
  2     6       0.004036790       0.004372193       0.002631704  C
  2     6       0.003594966       0.000273888      -0.003452905  C
  2     6      -0.002649801      -0.001336404      -0.000077055  C
  2     6      -0.001605802      -0.001346016       0.001106842  C
  2     6       0.001464442       0.000946851       0.000028118  C
  2     6      -0.000993424      -0.000366141       0.000001192  C
  2     6      -0.000022804      -0.000473732      -0.000288730  C
  2     6       0.000502691      -0.000314870      -0.000017669  C
  2     6       0.000047951      -0.000071708       0.000064299  C
  2     6      -0.004889261      -0.000492266       0.000722017  C
  2     6       0.009998606       0.004466096      -0.004990291  C
  2     6      -0.008057524      -0.005643320      -0.007816108  C
  2     6       0.004735273       0.002963992       0.005371354  C
  2     6      -0.008887055      -0.004083161       0.007571200  C
  2     6       0.009886785       0.004077687      -0.001367821  C
  2     6      -0.009755780      -0.003976118      -0.001254740  C
  2     6       0.008334478       0.004104898       0.007719373  C
  2     6      -0.004493759      -0.002526512       0.005524798  C
  2     6       0.007874742       0.005306510      -0.008097832  C
  2     6      -0.009366155      -0.004679046      -0.004513909  C
  2     6       0.004686660       0.000111457       0.000634816  C
  2     6       0.008284664      -0.003363198      -0.008351912  C
  2     6      -0.003580284       0.001819422      -0.004125314  C
  2     6      -0.007034713       0.003005185      -0.008274927  C
  2     6       0.009155315      -0.005070534      -0.000009324  C
  2     6      -0.009555929       0.005922680       0.007497954  C
  2     6       0.013129456      -0.007121201       0.005399448  C
  2     6       0.003595489      -0.002494362      -0.003426855  C
  2     6      -0.000887426       0.000983230      -0.004794370  C
  2     6       0.001083532      -0.000588698      -0.004664588  C
  2     6      -0.003524516       0.000209302       0.003503490  C
  2     6       0.003089903      -0.000581009      -0.000007163  C
  2     6      -0.013369054       0.007114906       0.005454914  C
  2     6       0.000033144      -0.000063638      -0.000041201  C
  2     6       0.000014374       0.000195454       0.000049932  C
  2     6      -0.000020379      -0.000450483       0.000009143  C
  2     6      -0.000006347      -0.000050812       0.000025162  C
  2     6      -0.000130096       0.000283401      -0.000144003  C
  2     6       0.000265061      -0.000153904       0.000062446  C
  2     6       0.000322879      -0.000177165       0.000023479  C
  2     6       0.000126592       0.000256055       0.000064259  C
  2     6      -0.000282834      -0.000094504       0.000049471  C
  2     6      -0.000304270      -0.000178460       0.000012229  C
  2     6       0.000167839       0.000007730      -0.000017944  C
  2     6      -0.000075426      -0.000017527       0.000073149  C
  2     6      -0.000143316       0.000095943      -0.000010401  C
  2     6       0.000179079       0.000098580      -0.000021351  C
