   390
     1   -0.032689    0.000000    0.000000       0.001307
     2   -0.028019    0.000000    0.000000       0.001307
     3   -0.023349    0.000000    0.000000       0.001307
     4   -0.018679    0.000000    0.000000       0.001307
     5   -0.014010    0.000000    0.000000       0.001307
     6   -0.009340    0.000000    0.000000       0.001307
     7   -0.004670    0.000000    0.000000       0.001307
     8    0.000000    0.000000    0.000000       0.001307
     9    0.004670    0.000000    0.000000       0.001307
    10    0.009340    0.000000    0.000000       0.001307
    11    0.014010    0.000000    0.000000       0.001307
    12    0.018679    0.000000    0.000000       0.001307
    13    0.023349    0.000000    0.000000       0.001307
    14    0.028019    0.000000    0.000000       0.001307
    15    0.032689    0.000000    0.000000       0.001307
    16   -0.032689    0.007502    0.000000       0.002614
    17   -0.028019    0.007502    0.000000       0.002614
    18   -0.023349    0.007502    0.000000       0.002614
    19   -0.018679    0.007502    0.000000       0.002614
    20   -0.014010    0.007502    0.000000       0.002614
    21   -0.009340    0.007502    0.000000       0.002614
    22   -0.004670    0.007502    0.000000       0.002614
    23    0.000000    0.007502    0.000000       0.002614
    24    0.004670    0.007502    0.000000       0.002614
    25    0.009340    0.007502    0.000000       0.002614
    26    0.014010    0.007502    0.000000       0.002614
    27    0.018679    0.007502    0.000000       0.002614
    28    0.023349    0.007502    0.000000       0.002614
    29    0.028019    0.007502    0.000000       0.002614
    30    0.032689    0.007502    0.000000       0.002614
    31   -0.032689    0.015005    0.000000       0.002614
    32   -0.028019    0.015005    0.000000       0.002614
    33   -0.023349    0.015005    0.000000       0.002614
    34   -0.018679    0.015005    0.000000       0.002614
    35   -0.014010    0.015005    0.000000       0.002614
    36   -0.009340    0.015005    0.000000       0.002614
    37   -0.004670    0.015005    0.000000       0.002614
    38    0.000000    0.015005    0.000000       0.002614
    39    0.004670    0.015005    0.000000       0.002614
    40    0.009340    0.015005    0.000000       0.002614
    41    0.014010    0.015005    0.000000       0.002614
    42    0.018679    0.015005    0.000000       0.002614
    43    0.023349    0.015005    0.000000       0.002614
    44    0.028019    0.015005    0.000000       0.002614
    45    0.032689    0.015005    0.000000       0.002614
    46   -0.032689    0.022507    0.000000       0.002614
    47   -0.028019    0.022507    0.000000       0.002614
    48   -0.023349    0.022507    0.000000       0.002614
    49   -0.018679    0.022507    0.000000       0.002614
    50   -0.014010    0.022507    0.000000       0.002614
    51   -0.009340    0.022507    0.000000       0.002614
    52   -0.004670    0.022507    0.000000       0.002614
    53    0.000000    0.022507    0.000000       0.002614
    54    0.004670    0.022507    0.000000       0.002614
    55    0.009340    0.022507    0.000000       0.002614
    56    0.014010    0.022507    0.000000       0.002614
    57    0.018679    0.022507    0.000000       0.002614
    58    0.023349    0.022507    0.000000       0.002614
    59    0.028019    0.022507    0.000000       0.002614
    60    0.032689    0.022507    0.000000       0.002614
    61   -0.032689    0.030009    0.000000       0.002614
    62   -0.028019    0.030009    0.000000       0.002614
    63   -0.023349    0.030009    0.000000       0.002614
    64   -0.018679    0.030009    0.000000       0.002614
    65   -0.014010    0.030009    0.000000       0.002614
    66   -0.009340    0.030009    0.000000       0.002614
    67   -0.004670    0.030009    0.000000       0.002614
    68    0.000000    0.030009    0.000000       0.002614
    69    0.004670    0.030009    0.000000       0.002614
    70    0.009340    0.030009    0.000000       0.002614
    71    0.014010    0.030009    0.000000       0.002614
    72    0.018679    0.030009    0.000000       0.002614
    73    0.023349    0.030009    0.000000       0.002614
    74    0.028019    0.030009    0.000000       0.002614
    75    0.032689    0.030009    0.000000       0.002614
    76   -0.032689    0.037512    0.000000       0.002614
    77   -0.028019    0.037512    0.000000       0.002614
    78   -0.023349    0.037512    0.000000       0.002614
    79   -0.018679    0.037512    0.000000       0.002614
    80   -0.014010    0.037512    0.000000       0.002614
    81   -0.009340    0.037512    0.000000       0.002614
    82   -0.004670    0.037512    0.000000       0.002614
    83    0.000000    0.037512    0.000000       0.002614
    84    0.004670    0.037512    0.000000       0.002614
    85    0.009340    0.037512    0.000000       0.002614
    86    0.014010    0.037512    0.000000       0.002614
    87    0.018679    0.037512    0.000000       0.002614
    88    0.023349    0.037512    0.000000       0.002614
    89    0.028019    0.037512    0.000000       0.002614
    90    0.032689    0.037512    0.000000       0.002614
    91   -0.032689    0.045014    0.000000       0.002614
    92   -0.028019    0.045014    0.000000       0.002614
    93   -0.023349    0.045014    0.000000       0.002614
    94   -0.018679    0.045014    0.000000       0.002614
    95   -0.014010    0.045014    0.000000       0.002614
    96   -0.009340    0.045014    0.000000       0.002614
    97   -0.004670    0.045014    0.000000       0.002614
    98    0.000000    0.045014    0.000000       0.002614
    99    0.004670    0.045014    0.000000       0.002614
   100    0.009340    0.045014    0.000000       0.002614
   101    0.014010    0.045014    0.000000       0.002614
   102    0.018679    0.045014    0.000000       0.002614
   103    0.023349    0.045014    0.000000       0.002614
   104    0.028019    0.045014    0.000000       0.002614
   105    0.032689    0.045014    0.000000       0.002614
   106   -0.032689    0.052516    0.000000       0.002614
   107   -0.028019    0.052516    0.000000       0.002614
   108   -0.023349    0.052516    0.000000       0.002614
   109   -0.018679    0.052516    0.000000       0.002614
   110   -0.014010    0.052516    0.000000       0.002614
   111   -0.009340    0.052516    0.000000       0.002614
   112   -0.004670    0.052516    0.000000       0.002614
   113    0.000000    0.052516    0.000000       0.002614
   114    0.004670    0.052516    0.000000       0.002614
   115    0.009340    0.052516    0.000000       0.002614
   116    0.014010    0.052516    0.000000       0.002614
   117    0.018679    0.052516    0.000000       0.002614
   118    0.023349    0.052516    0.000000       0.002614
   119    0.028019    0.052516    0.000000       0.002614
   120    0.032689    0.052516    0.000000       0.002614
   121   -0.032689    0.060019    0.000000       0.002614
   122   -0.028019    0.060019    0.000000       0.002614
   123   -0.023349    0.060019    0.000000       0.002614
   124   -0.018679    0.060019    0.000000       0.002614
   125   -0.014010    0.060019    0.000000       0.002614
   126   -0.009340    0.060019    0.000000       0.002614
   127   -0.004670    0.060019    0.000000       0.002614
   128    0.000000    0.060019    0.000000       0.002614
   129    0.004670    0.060019    0.000000       0.002614
   130    0.009340    0.060019    0.000000       0.002614
   131    0.014010    0.060019    0.000000       0.002614
   132    0.018679    0.060019    0.000000       0.002614
   133    0.023349    0.060019    0.000000       0.002614
   134    0.028019    0.060019    0.000000       0.002614
   135    0.032689    0.060019    0.000000       0.002614
   136   -0.032689    0.067521    0.000000       0.002614
   137   -0.028019    0.067521    0.000000       0.002614
   138   -0.023349    0.067521    0.000000       0.002614
   139   -0.018679    0.067521    0.000000       0.002614
   140   -0.014010    0.067521    0.000000       0.002614
   141   -0.009340    0.067521    0.000000       0.002614
   142   -0.004670    0.067521    0.000000       0.002614
   143    0.000000    0.067521    0.000000       0.002614
   144    0.004670    0.067521    0.000000       0.002614
   145    0.009340    0.067521    0.000000       0.002614
   146    0.014010    0.067521    0.000000       0.002614
   147    0.018679    0.067521    0.000000       0.002614
   148    0.023349    0.067521    0.000000       0.002614
   149    0.028019    0.067521    0.000000       0.002614
   150    0.032689    0.067521    0.000000       0.002614
   151   -0.032689    0.075023    0.000000       0.002614
   152   -0.028019    0.075023    0.000000       0.002614
   153   -0.023349    0.075023    0.000000       0.002614
   154   -0.018679    0.075023    0.000000       0.002614
   155   -0.014010    0.075023    0.000000       0.002614
   156   -0.009340    0.075023    0.000000       0.002614
   157   -0.004670    0.075023    0.000000       0.002614
   158    0.000000    0.075023    0.000000       0.002614
   159    0.004670    0.075023    0.000000       0.002614
   160    0.009340    0.075023    0.000000       0.002614
   161    0.014010    0.075023    0.000000       0.002614
   162    0.018679    0.075023    0.000000       0.002614
   163    0.023349    0.075023    0.000000       0.002614
   164    0.028019    0.075023    0.000000       0.002614
   165    0.032689    0.075023    0.000000       0.002614
   166   -0.032689    0.082526    0.000000       0.002614
   167   -0.028019    0.082526    0.000000       0.002614
   168   -0.023349    0.082526    0.000000       0.002614
   169   -0.018679    0.082526    0.000000       0.002614
   170   -0.014010    0.082526    0.000000       0.002614
   171   -0.009340    0.082526    0.000000       0.002614
   172   -0.004670    0.082526    0.000000       0.002614
   173    0.000000    0.082526    0.000000       0.002614
   174    0.004670    0.082526    0.000000       0.002614
   175    0.009340    0.082526    0.000000       0.002614
   176    0.014010    0.082526    0.000000       0.002614
   177    0.018679    0.082526    0.000000       0.002614
   178    0.023349    0.082526    0.000000       0.002614
   179    0.028019    0.082526    0.000000       0.002614
   180    0.032689    0.082526    0.000000       0.002614
   181   -0.032689    0.090028    0.000000       0.002614
   182   -0.028019    0.090028    0.000000       0.002614
   183   -0.023349    0.090028    0.000000       0.002614
   184   -0.018679    0.090028    0.000000       0.002614
   185   -0.014010    0.090028    0.000000       0.002614
   186   -0.009340    0.090028    0.000000       0.002614
   187   -0.004670    0.090028    0.000000       0.002614
   188    0.000000    0.090028    0.000000       0.002614
   189    0.004670    0.090028    0.000000       0.002614
   190    0.009340    0.090028    0.000000       0.002614
   191    0.014010    0.090028    0.000000       0.002614
   192    0.018679    0.090028    0.000000       0.002614
   193    0.023349    0.090028    0.000000       0.002614
   194    0.028019    0.090028    0.000000       0.002614
   195    0.032689    0.090028    0.000000       0.002614
   196   -0.032689    0.097530    0.000000       0.002614
   197   -0.028019    0.097530    0.000000       0.002614
   198   -0.023349    0.097530    0.000000       0.002614
   199   -0.018679    0.097530    0.000000       0.002614
   200   -0.014010    0.097530    0.000000       0.002614
   201   -0.009340    0.097530    0.000000       0.002614
   202   -0.004670    0.097530    0.000000       0.002614
   203    0.000000    0.097530    0.000000       0.002614
   204    0.004670    0.097530    0.000000       0.002614
   205    0.009340    0.097530    0.000000       0.002614
   206    0.014010    0.097530    0.000000       0.002614
   207    0.018679    0.097530    0.000000       0.002614
   208    0.023349    0.097530    0.000000       0.002614
   209    0.028019    0.097530    0.000000       0.002614
   210    0.032689    0.097530    0.000000       0.002614
   211   -0.032689    0.105033    0.000000       0.002614
   212   -0.028019    0.105033    0.000000       0.002614
   213   -0.023349    0.105033    0.000000       0.002614
   214   -0.018679    0.105033    0.000000       0.002614
   215   -0.014010    0.105033    0.000000       0.002614
   216   -0.009340    0.105033    0.000000       0.002614
   217   -0.004670    0.105033    0.000000       0.002614
   218    0.000000    0.105033    0.000000       0.002614
   219    0.004670    0.105033    0.000000       0.002614
   220    0.009340    0.105033    0.000000       0.002614
   221    0.014010    0.105033    0.000000       0.002614
   222    0.018679    0.105033    0.000000       0.002614
   223    0.023349    0.105033    0.000000       0.002614
   224    0.028019    0.105033    0.000000       0.002614
   225    0.032689    0.105033    0.000000       0.002614
   226   -0.032689    0.112535    0.000000       0.002614
   227   -0.028019    0.112535    0.000000       0.002614
   228   -0.023349    0.112535    0.000000       0.002614
   229   -0.018679    0.112535    0.000000       0.002614
   230   -0.014010    0.112535    0.000000       0.002614
   231   -0.009340    0.112535    0.000000       0.002614
   232   -0.004670    0.112535    0.000000       0.002614
   233    0.000000    0.112535    0.000000       0.002614
   234    0.004670    0.112535    0.000000       0.002614
   235    0.009340    0.112535    0.000000       0.002614
   236    0.014010    0.112535    0.000000       0.002614
   237    0.018679    0.112535    0.000000       0.002614
   238    0.023349    0.112535    0.000000       0.002614
   239    0.028019    0.112535    0.000000       0.002614
   240    0.032689    0.112535    0.000000       0.002614
   241   -0.032689    0.120037    0.000000       0.002614
   242   -0.028019    0.120037    0.000000       0.002614
   243   -0.023349    0.120037    0.000000       0.002614
   244   -0.018679    0.120037    0.000000       0.002614
   245   -0.014010    0.120037    0.000000       0.002614
   246   -0.009340    0.120037    0.000000       0.002614
   247   -0.004670    0.120037    0.000000       0.002614
   248    0.000000    0.120037    0.000000       0.002614
   249    0.004670    0.120037    0.000000       0.002614
   250    0.009340    0.120037    0.000000       0.002614
   251    0.014010    0.120037    0.000000       0.002614
   252    0.018679    0.120037    0.000000       0.002614
   253    0.023349    0.120037    0.000000       0.002614
   254    0.028019    0.120037    0.000000       0.002614
   255    0.032689    0.120037    0.000000       0.002614
   256   -0.032689    0.127540    0.000000       0.002614
   257   -0.028019    0.127540    0.000000       0.002614
   258   -0.023349    0.127540    0.000000       0.002614
   259   -0.018679    0.127540    0.000000       0.002614
   260   -0.014010    0.127540    0.000000       0.002614
   261   -0.009340    0.127540    0.000000       0.002614
   262   -0.004670    0.127540    0.000000       0.002614
   263    0.000000    0.127540    0.000000       0.002614
   264    0.004670    0.127540    0.000000       0.002614
   265    0.009340    0.127540    0.000000       0.002614
   266    0.014010    0.127540    0.000000       0.002614
   267    0.018679    0.127540    0.000000       0.002614
   268    0.023349    0.127540    0.000000       0.002614
   269    0.028019    0.127540    0.000000       0.002614
   270    0.032689    0.127540    0.000000       0.002614
   271   -0.032689    0.135042    0.000000       0.002614
   272   -0.028019    0.135042    0.000000       0.002614
   273   -0.023349    0.135042    0.000000       0.002614
   274   -0.018679    0.135042    0.000000       0.002614
   275   -0.014010    0.135042    0.000000       0.002614
   276   -0.009340    0.135042    0.000000       0.002614
   277   -0.004670    0.135042    0.000000       0.002614
   278    0.000000    0.135042    0.000000       0.002614
   279    0.004670    0.135042    0.000000       0.002614
   280    0.009340    0.135042    0.000000       0.002614
   281    0.014010    0.135042    0.000000       0.002614
   282    0.018679    0.135042    0.000000       0.002614
   283    0.023349    0.135042    0.000000       0.002614
   284    0.028019    0.135042    0.000000       0.002614
   285    0.032689    0.135042    0.000000       0.002614
   286   -0.032689    0.142544    0.000000       0.002614
   287   -0.028019    0.142544    0.000000       0.002614
   288   -0.023349    0.142544    0.000000       0.002614
   289   -0.018679    0.142544    0.000000       0.002614
   290   -0.014010    0.142544    0.000000       0.002614
   291   -0.009340    0.142544    0.000000       0.002614
   292   -0.004670    0.142544    0.000000       0.002614
   293    0.000000    0.142544    0.000000       0.002614
   294    0.004670    0.142544    0.000000       0.002614
   295    0.009340    0.142544    0.000000       0.002614
   296    0.014010    0.142544    0.000000       0.002614
   297    0.018679    0.142544    0.000000       0.002614
   298    0.023349    0.142544    0.000000       0.002614
   299    0.028019    0.142544    0.000000       0.002614
   300    0.032689    0.142544    0.000000       0.002614
   301   -0.032689    0.150047    0.000000       0.002614
   302   -0.028019    0.150047    0.000000       0.002614
   303   -0.023349    0.150047    0.000000       0.002614
   304   -0.018679    0.150047    0.000000       0.002614
   305   -0.014010    0.150047    0.000000       0.002614
   306   -0.009340    0.150047    0.000000       0.002614
   307   -0.004670    0.150047    0.000000       0.002614
   308    0.000000    0.150047    0.000000       0.002614
   309    0.004670    0.150047    0.000000       0.002614
   310    0.009340    0.150047    0.000000       0.002614
   311    0.014010    0.150047    0.000000       0.002614
   312    0.018679    0.150047    0.000000       0.002614
   313    0.023349    0.150047    0.000000       0.002614
   314    0.028019    0.150047    0.000000       0.002614
   315    0.032689    0.150047    0.000000       0.002614
   316   -0.032689    0.157549    0.000000       0.002614
   317   -0.028019    0.157549    0.000000       0.002614
   318   -0.023349    0.157549    0.000000       0.002614
   319   -0.018679    0.157549    0.000000       0.002614
   320   -0.014010    0.157549    0.000000       0.002614
   321   -0.009340    0.157549    0.000000       0.002614
   322   -0.004670    0.157549    0.000000       0.002614
   323    0.000000    0.157549    0.000000       0.002614
   324    0.004670    0.157549    0.000000       0.002614
   325    0.009340    0.157549    0.000000       0.002614
   326    0.014010    0.157549    0.000000       0.002614
   327    0.018679    0.157549    0.000000       0.002614
   328    0.023349    0.157549    0.000000       0.002614
   329    0.028019    0.157549    0.000000       0.002614
   330    0.032689    0.157549    0.000000       0.002614
   331   -0.032689    0.165051    0.000000       0.002614
   332   -0.028019    0.165051    0.000000       0.002614
   333   -0.023349    0.165051    0.000000       0.002614
   334   -0.018679    0.165051    0.000000       0.002614
   335   -0.014010    0.165051    0.000000       0.002614
   336   -0.009340    0.165051    0.000000       0.002614
   337   -0.004670    0.165051    0.000000       0.002614
   338    0.000000    0.165051    0.000000       0.002614
   339    0.004670    0.165051    0.000000       0.002614
   340    0.009340    0.165051    0.000000       0.002614
   341    0.014010    0.165051    0.000000       0.002614
   342    0.018679    0.165051    0.000000       0.002614
   343    0.023349    0.165051    0.000000       0.002614
   344    0.028019    0.165051    0.000000       0.002614
   345    0.032689    0.165051    0.000000       0.002614
   346   -0.032689    0.172554    0.000000       0.002614
   347   -0.028019    0.172554    0.000000       0.002614
   348   -0.023349    0.172554    0.000000       0.002614
   349   -0.018679    0.172554    0.000000       0.002614
   350   -0.014010    0.172554    0.000000       0.002614
   351   -0.009340    0.172554    0.000000       0.002614
   352   -0.004670    0.172554    0.000000       0.002614
   353    0.000000    0.172554    0.000000       0.002614
   354    0.004670    0.172554    0.000000       0.002614
   355    0.009340    0.172554    0.000000       0.002614
   356    0.014010    0.172554    0.000000       0.002614
   357    0.018679    0.172554    0.000000       0.002614
   358    0.023349    0.172554    0.000000       0.002614
   359    0.028019    0.172554    0.000000       0.002614
   360    0.032689    0.172554    0.000000       0.002614
   361   -0.032689    0.180056    0.000000       0.002614
   362   -0.028019    0.180056    0.000000       0.002614
   363   -0.023349    0.180056    0.000000       0.002614
   364   -0.018679    0.180056    0.000000       0.002614
   365   -0.014010    0.180056    0.000000       0.002614
   366   -0.009340    0.180056    0.000000       0.002614
   367   -0.004670    0.180056    0.000000       0.002614
   368    0.000000    0.180056    0.000000       0.002614
   369    0.004670    0.180056    0.000000       0.002614
   370    0.009340    0.180056    0.000000       0.002614
   371    0.014010    0.180056    0.000000       0.002614
   372    0.018679    0.180056    0.000000       0.002614
   373    0.023349    0.180056    0.000000       0.002614
   374    0.028019    0.180056    0.000000       0.002614
   375    0.032689    0.180056    0.000000       0.002614
   376   -0.032689    0.187558    0.000000       0.002614
   377   -0.028019    0.187558    0.000000       0.002614
   378   -0.023349    0.187558    0.000000       0.002614
   379   -0.018679    0.187558    0.000000       0.002614
   380   -0.014010    0.187558    0.000000       0.002614
   381   -0.009340    0.187558    0.000000       0.002614
   382   -0.004670    0.187558    0.000000       0.002614
   383    0.000000    0.187558    0.000000       0.002614
   384    0.004670    0.187558    0.000000       0.002614
   385    0.009340    0.187558    0.000000       0.002614
   386    0.014010    0.187558    0.000000       0.002614
   387    0.018679    0.187558    0.000000       0.002614
   388    0.023349    0.187558    0.000000       0.002614
   389    0.028019    0.187558    0.000000       0.002614
   390    0.032689    0.187558    0.000000       0.002614
