               -933.6886648344
         -0.000004309      -0.000000000       0.000000000
         -0.000000000       0.000005015      -0.000000000
         -0.000000000      -0.000000000       0.000000043
         100
  1     6      -0.000000015       0.000128473       0.000000002  C
  1     6       0.000171199       0.000100688      -0.000000012  C
  1     6       0.000065424      -0.000063434       0.000000016  C
  1     6      -0.000000087      -0.000214986       0.000000004  C
  1     6      -0.000107825       0.000125999       0.000000001  C
  1     6       0.000022278      -0.000214868      -0.000000001  C
  1     6      -0.000140534       0.000012643       0.000000001  C
  1     6      -0.000635175      -0.000366445       0.000000009  C
  1     6      -0.000102894       0.000302180       0.000000001  C
  1     6       0.000086440       0.000196570      -0.000000010  C
  1     6      -0.000000476      -0.000264201      -0.000000002  C
  1     6      -0.000040455      -0.000118954       0.000000005  C
  1     6      -0.000363891       0.000347410       0.000000010  C
  1     6       0.000102373       0.000003206      -0.000000001  C
  1     6       0.000640477       0.000349162      -0.000000016  C
  1     6       0.000054397       0.000029911       0.000000010  C
  2     1      -0.000389994       0.000338150      -0.000000001  H
  2     1      -0.000298074       0.000115210       0.000000001  H
  2     1      -0.000231399      -0.000253534      -0.000000003  H
  2     1      -0.000071737      -0.000190382      -0.000000006  H
  1     6       0.000049729      -0.000085258       0.000000016  C
  1     6       0.000532731      -0.000070060      -0.000000013  C
  1     6      -0.000606017       0.000301497      -0.000000001  C
  1     6       0.000606116      -0.000301447       0.000000000  C
  1     6      -0.000159944       0.000274213      -0.000000013  C
  2     1       0.000025784      -0.000155499       0.000000006  H
  2     1      -0.000025758       0.000155523       0.000000003  H
  1     6       0.000159763      -0.000274231      -0.000000007  C
  1     6      -0.000054505      -0.000029810       0.000000001  C
  1     6      -0.000640626      -0.000349304       0.000000010  C
  1     6      -0.000532707       0.000070066      -0.000000024  C
  1     6      -0.000049492       0.000085317       0.000000012  C
  2     1       0.000071719       0.000190352      -0.000000001  H
  2     1       0.000231342       0.000253521       0.000000007  H
  2     1       0.000297994      -0.000115162       0.000000006  H
  2     1       0.000389984      -0.000338254      -0.000000000  H
  1     6       0.000635313       0.000366335       0.000000011  C
  1     6       0.000140387      -0.000012323      -0.000000012  C
  1     6      -0.000102249      -0.000003287      -0.000000014  C
  1     6       0.000363604      -0.000347323       0.000000022  C
  1     6       0.000040530       0.000118905      -0.000000014  C
  1     6       0.000000731       0.000264341      -0.000000000  C
  1     6      -0.000086503      -0.000196713       0.000000001  C
  1     6       0.000103111      -0.000302175      -0.000000014  C
  1     6      -0.000171180      -0.000100789       0.000000009  C
  1     6       0.000000033      -0.000128322      -0.000000004  C
  1     6      -0.000000024       0.000204639       0.000000008  C
  1     6      -0.000022114       0.000214610       0.000000009  C
  1     6       0.000107691      -0.000125956      -0.000000001  C
  1     6      -0.000000098       0.000334030       0.000000008  C
  1     6       0.000000019       0.000214839       0.000000007  C
  1     6      -0.000065538       0.000063485      -0.000000002  C
  1     6       0.000171324      -0.000100795       0.000000020  C
  1     6      -0.000140576      -0.000012531      -0.000000014  C
  1     6       0.000102155      -0.000003189      -0.000000002  C
  1     6       0.000022377       0.000214662      -0.000000007  C
  1     6      -0.000107867      -0.000125751      -0.000000003  C
  1     6      -0.000000569       0.000264217      -0.000000004  C
  1     6       0.000086385      -0.000196607      -0.000000004  C
  1     6       0.000065413       0.000063419      -0.000000014  C
  1     6      -0.000635295       0.000366452       0.000000010  C
  1     6       0.000640418      -0.000349414      -0.000000003  C
  1     6       0.000532767       0.000070247      -0.000000002  C
  1     6      -0.000363757      -0.000347446       0.000000010  C
  1     6      -0.000040180       0.000118918      -0.000000005  C
  2     1      -0.000231543       0.000253595       0.000000005  H
  2     1      -0.000298143      -0.000115218       0.000000005  H
  1     6      -0.000102720      -0.000302278      -0.000000006  C
  1     6       0.000054554      -0.000029926       0.000000001  C
  1     6      -0.000605881      -0.000301175       0.000000002  C
  1     6       0.000159979       0.000274293      -0.000000006  C
  1     6       0.000049389       0.000085372       0.000000001  C
  2     1      -0.000071702       0.000190224      -0.000000000  H
  2     1       0.000025793       0.000155532      -0.000000002  H
  2     1      -0.000389978      -0.000338182       0.000000001  H
  1     6       0.000606038       0.000301236      -0.000000002  C
  1     6      -0.000054509       0.000029945      -0.000000003  C
  2     1       0.000389996       0.000338282      -0.000000002  H
  2     1      -0.000025767      -0.000155537       0.000000004  H
  2     1       0.000071727      -0.000190346      -0.000000001  H
  1     6      -0.000049572      -0.000085236      -0.000000003  C
  1     6      -0.000159922      -0.000274351       0.000000004  C
  1     6      -0.000640668       0.000349253       0.000000003  C
  1     6       0.000635391      -0.000366409       0.000000003  C
  1     6       0.000102870       0.000302253      -0.000000006  C
  2     1       0.000298121       0.000115203       0.000000002  H
  2     1       0.000231373      -0.000253524       0.000000002  H
  1     6       0.000040513      -0.000118888      -0.000000003  C
  1     6       0.000363884       0.000347403      -0.000000009  C
  1     6      -0.000532660      -0.000070232       0.000000010  C
  1     6       0.000140604       0.000012639       0.000000016  C
  1     6      -0.000171382       0.000100887      -0.000000020  C
  1     6      -0.000065279      -0.000063583       0.000000016  C
  1     6      -0.000086514       0.000196663      -0.000000010  C
  1     6       0.000000579      -0.000264410       0.000000002  C
  1     6       0.000107841       0.000126059       0.000000014  C
  1     6      -0.000022439      -0.000214876      -0.000000024  C
  1     6      -0.000102233       0.000003098       0.000000003  C
  1     6      -0.000000118      -0.000333802      -0.000000010  C
  1     6      -0.000000075      -0.000204703       0.000000012  C
