               -163.7846900661
          0.000000061       0.000000000       0.000000000
          0.000000000      -0.000012706      -0.000000000
          0.000000000      -0.000000000       0.000000135
          18
  1     1      -0.000471625      -0.000009799       0.000000000  H
  1     1      -0.000471625       0.000009799       0.000000000  H
  1     1       0.000419196      -0.000376092       0.000000000  H
  1     1       0.000419196       0.000376092       0.000000000  H
  2     6      -0.000031543       0.000337592      -0.000000000  C
  2     6       0.000622543       0.001101384       0.000000000  C
  2     6       0.000622543      -0.001101384      -0.000000000  C
  2     6      -0.000031543      -0.000337592       0.000000000  C
  2     6       0.000254812       0.001466183      -0.000000000  C
  2     6      -0.000152335      -0.000145948      -0.000000000  C
  2     6      -0.000152335       0.000145948      -0.000000000  C
  2     6       0.000254812      -0.001466183      -0.000000000  C
  2     6      -0.000278967       0.000233334      -0.000000000  C
  2     6       0.000581134       0.000273335      -0.000000000  C
  2     6       0.000581134      -0.000273335      -0.000000000  C
  2     6      -0.000278967      -0.000233334      -0.000000000  C
  2     6      -0.001010435       0.000050778       0.000000000  C
  2     6      -0.001010435      -0.000050778       0.000000000  C
