     1  1  0.01234568      30
     2  1  0.02469136      30
     3  1  0.02469136      30
     4  1  0.02469136      30
     5  1  0.02469136      30
     6  1  0.02469136      30
     7  1  0.02469136      30
     8  1  0.02469136      30
     9  1  0.02469136      30
    10  1  0.02469136      30
    11  1  0.02469136      30
    12  1  0.02469136      30
    13  1  0.02469136      30
    14  1  0.02469136      30
    15  1  0.02469136      30
    16  1  0.02469136      30
    17  1  0.02469136      30
    18  1  0.02469136      30
    19  1  0.02469136      30
    20  1  0.02469136      30
    21  1  0.02469136      30
    22  1  0.02469136      30
    23  1  0.02469136      30
    24  1  0.02469136      30
    25  1  0.02469136      30
    26  1  0.02469136      30
    27  1  0.02469136      30
    28  1  0.02469136      30
    29  1  0.02469136      30
    30  1  0.02469136      30
    31  1  0.02469136      30
    32  1  0.02469136      30
    33  1  0.02469136      30
    34  1  0.02469136      30
    35  1  0.02469136      30
    36  1  0.02469136      30
    37  1  0.02469136      30
    38  1  0.02469136      30
    39  1  0.02469136      30
    40  1  0.02469136      30
    41  1  0.02469136      30
