               -933.6881075477
         -0.000004500      -0.000000000      -0.000000000
         -0.000000000       0.000004823       0.000000000
         -0.000000000       0.000000000       0.000000043
         100
  1     6      -0.000000007       0.000054438      -0.000000004  C
  1     6       0.000105632       0.000079934      -0.000000000  C
  1     6       0.000028830      -0.000024930       0.000000002  C
  1     6      -0.000000063      -0.000196854       0.000000004  C
  1     6      -0.000143386       0.000088291      -0.000000000  C
  1     6      -0.000048193      -0.000191568      -0.000000002  C
  1     6      -0.000110189       0.000055407       0.000000003  C
  1     6      -0.000262525      -0.000095088      -0.000000002  C
  1     6      -0.000021321       0.000296075      -0.000000001  C
  1     6       0.000048273      -0.000217181      -0.000000001  C
  1     6      -0.000042659       0.000147926       0.000000001  C
  1     6       0.000044671      -0.000116485       0.000000005  C
  1     6      -0.000039437       0.000091255       0.000000002  C
  1     6       0.000147209      -0.000037597      -0.000000001  C
  1     6       0.000162414       0.000097859      -0.000000003  C
  1     6       0.000081041      -0.000029383       0.000000000  C
  2     1      -0.000386684       0.000197122       0.000000002  H
  2     1      -0.000181026       0.000044382       0.000000001  H
  2     1      -0.000109314      -0.000183680      -0.000000003  H
  2     1      -0.000070220      -0.000041910      -0.000000004  H
  1     6       0.000176557      -0.000069285       0.000000003  C
  1     6       0.000100601       0.000151812      -0.000000001  C
  1     6      -0.000183590       0.000011203      -0.000000004  C
  1     6       0.000183686      -0.000011164      -0.000000001  C
  1     6      -0.000121901       0.000152721      -0.000000002  C
  2     1      -0.000098906      -0.000231885       0.000000004  H
  2     1       0.000098927       0.000231907       0.000000003  H
  1     6       0.000121740      -0.000152736       0.000000001  C
  1     6      -0.000081172       0.000029499      -0.000000001  C
  1     6      -0.000162508      -0.000097984      -0.000000000  C
  1     6      -0.000100535      -0.000151797      -0.000000003  C
  1     6      -0.000176379       0.000069328      -0.000000002  C
  2     1       0.000070207       0.000041886       0.000000000  H
  2     1       0.000109253       0.000183665       0.000000004  H
  2     1       0.000180941      -0.000044334       0.000000003  H
  2     1       0.000386679      -0.000197228       0.000000002  H
  1     6       0.000262591       0.000094963       0.000000003  C
  1     6       0.000110096      -0.000055102      -0.000000005  C
  1     6      -0.000147099       0.000037534       0.000000002  C
  1     6       0.000039148      -0.000091184      -0.000000002  C
  1     6      -0.000044584       0.000116454      -0.000000002  C
  1     6       0.000042912      -0.000147780      -0.000000001  C
  1     6      -0.000048321       0.000217021      -0.000000005  C
  1     6       0.000021553      -0.000296062      -0.000000001  C
  1     6      -0.000105661      -0.000080048       0.000000005  C
  1     6       0.000000004      -0.000054288      -0.000000001  C
  1     6      -0.000000001       0.000129566       0.000000003  C
  1     6       0.000048303       0.000191283       0.000000002  C
  1     6       0.000143272      -0.000088243      -0.000000002  C
  1     6      -0.000000096       0.000354960       0.000000008  C
  1     6      -0.000000023       0.000196715       0.000000003  C
  1     6      -0.000028952       0.000025002      -0.000000002  C
  1     6       0.000105789      -0.000080040       0.000000005  C
  1     6      -0.000110211      -0.000055299      -0.000000004  C
  1     6       0.000146972       0.000037634      -0.000000004  C
  1     6      -0.000048055       0.000191331       0.000000005  C
  1     6      -0.000143430      -0.000088025      -0.000000004  C
  1     6      -0.000042777      -0.000147923      -0.000000007  C
  1     6       0.000048221       0.000217130      -0.000000005  C
  1     6       0.000028878       0.000024926      -0.000000000  C
  1     6      -0.000262643       0.000095097       0.000000001  C
  1     6       0.000162397      -0.000098098      -0.000000001  C
  1     6       0.000100614      -0.000151618      -0.000000002  C
  1     6      -0.000039302      -0.000091308       0.000000002  C
  1     6       0.000044925       0.000116470      -0.000000003  C
  2     1      -0.000109435       0.000183729       0.000000006  H
  2     1      -0.000181049      -0.000044366       0.000000003  H
  1     6      -0.000021226      -0.000296191       0.000000001  C
  1     6       0.000081179       0.000029363       0.000000000  C
  1     6      -0.000183477      -0.000010904       0.000000001  C
  1     6       0.000121930       0.000152806      -0.000000001  C
  1     6       0.000176259       0.000069401      -0.000000000  C
  2     1      -0.000070188       0.000041746       0.000000000  H
  2     1      -0.000098926       0.000231931      -0.000000002  H
  2     1      -0.000386668      -0.000197152       0.000000001  H
  1     6       0.000183582       0.000010968      -0.000000000  C
  1     6      -0.000081105      -0.000029367      -0.000000002  C
  2     1       0.000386684       0.000197256      -0.000000003  H
  2     1       0.000098928      -0.000231927       0.000000001  H
  2     1       0.000070213      -0.000041866      -0.000000002  H
  1     6      -0.000176446      -0.000069270       0.000000001  C
  1     6      -0.000121832      -0.000152862       0.000000004  C
  1     6      -0.000162615       0.000097936       0.000000004  C
  1     6       0.000262737      -0.000095046       0.000000006  C
  1     6       0.000021308       0.000296168       0.000000000  C
  2     1       0.000181044       0.000044362      -0.000000002  H
  2     1       0.000109279      -0.000183665      -0.000000000  H
  1     6      -0.000044611      -0.000116433       0.000000002  C
  1     6       0.000039422       0.000091261      -0.000000002  C
  1     6      -0.000100513       0.000151640       0.000000002  C
  1     6       0.000110202       0.000055421       0.000000002  C
  1     6      -0.000105776       0.000080116       0.000000001  C
  1     6      -0.000028767      -0.000025091       0.000000001  C
  1     6      -0.000048270      -0.000217076      -0.000000001  C
  1     6       0.000042759       0.000147725      -0.000000003  C
  1     6       0.000143421       0.000088339       0.000000001  C
  1     6       0.000047998      -0.000191551      -0.000000006  C
  1     6      -0.000147048      -0.000037723      -0.000000002  C
  1     6      -0.000000128      -0.000354741      -0.000000001  C
  1     6      -0.000000036      -0.000129625       0.000000002  C
