     1  1  0.00261438     172
     2  1  0.00261438     172
     3  1  0.00261438     172
     4  1  0.00261438     172
     5  1  0.00261438     172
     6  1  0.00261438     172
     7  1  0.00261438     172
     8  1  0.00130719     172
     9  1  0.00261438     172
    10  1  0.00261438     172
    11  1  0.00261438     172
    12  1  0.00261438     172
    13  1  0.00261438     172
    14  1  0.00261438     172
    15  1  0.00261438     172
    16  1  0.00261438     172
    17  1  0.00261438     172
    18  1  0.00261438     172
    19  1  0.00261438     172
    20  1  0.00261438     172
    21  1  0.00261438     172
    22  1  0.00261438     172
    23  1  0.00261438     172
    24  1  0.00261438     172
    25  1  0.00261438     172
    26  1  0.00261438     172
    27  1  0.00261438     172
    28  1  0.00261438     172
    29  1  0.00261438     172
    30  1  0.00261438     172
    31  1  0.00261438     172
    32  1  0.00261438     172
    33  1  0.00261438     172
    34  1  0.00261438     172
    35  1  0.00261438     172
    36  1  0.00261438     172
    37  1  0.00261438     172
    38  1  0.00261438     172
    39  1  0.00261438     172
    40  1  0.00261438     172
    41  1  0.00261438     172
    42  1  0.00261438     172
    43  1  0.00261438     172
    44  1  0.00261438     172
    45  1  0.00261438     172
    46  1  0.00261438     172
    47  1  0.00261438     172
    48  1  0.00261438     172
    49  1  0.00261438     172
    50  1  0.00261438     172
    51  1  0.00261438     172
    52  1  0.00261438     172
    53  1  0.00261438     172
    54  1  0.00261438     172
    55  1  0.00261438     172
    56  1  0.00261438     172
    57  1  0.00261438     172
    58  1  0.00261438     172
    59  1  0.00261438     172
    60  1  0.00261438     172
    61  1  0.00261438     172
    62  1  0.00261438     172
    63  1  0.00261438     172
    64  1  0.00261438     172
    65  1  0.00261438     172
    66  1  0.00261438     172
    67  1  0.00261438     172
    68  1  0.00261438     172
    69  1  0.00261438     172
    70  1  0.00261438     172
    71  1  0.00261438     172
    72  1  0.00261438     172
    73  1  0.00261438     172
    74  1  0.00261438     172
    75  1  0.00261438     172
    76  1  0.00261438     172
    77  1  0.00261438     172
    78  1  0.00261438     172
    79  1  0.00261438     172
    80  1  0.00261438     172
    81  1  0.00261438     172
    82  1  0.00261438     172
    83  1  0.00261438     172
    84  1  0.00261438     172
    85  1  0.00261438     172
    86  1  0.00261438     172
    87  1  0.00261438     172
    88  1  0.00261438     172
    89  1  0.00261438     171
    90  1  0.00261438     171
    91  1  0.00261438     171
    92  1  0.00261438     171
    93  1  0.00261438     171
    94  1  0.00261438     172
    95  1  0.00261438     172
    96  1  0.00261438     172
    97  1  0.00261438     172
    98  1  0.00261438     172
    99  1  0.00261438     172
   100  1  0.00261438     171
   101  1  0.00261438     171
   102  1  0.00261438     171
   103  1  0.00261438     171
   104  1  0.00261438     171
   105  1  0.00261438     171
   106  1  0.00261438     171
   107  1  0.00261438     171
   108  1  0.00261438     171
   109  1  0.00261438     171
   110  1  0.00261438     171
   111  1  0.00261438     171
   112  1  0.00261438     171
   113  1  0.00261438     172
   114  1  0.00261438     170
   115  1  0.00261438     170
   116  1  0.00261438     171
   117  1  0.00261438     171
   118  1  0.00261438     171
   119  1  0.00261438     171
   120  1  0.00261438     171
   121  1  0.00261438     171
   122  1  0.00261438     171
   123  1  0.00261438     171
   124  1  0.00261438     171
   125  1  0.00261438     171
   126  1  0.00261438     171
   127  1  0.00261438     170
   128  1  0.00261438     170
   129  1  0.00261438     170
   130  1  0.00261438     170
   131  1  0.00261438     170
   132  1  0.00261438     170
   133  1  0.00261438     170
   134  1  0.00261438     170
   135  1  0.00261438     170
   136  1  0.00261438     170
   137  1  0.00261438     170
   138  1  0.00261438     170
   139  1  0.00261438     170
   140  1  0.00261438     170
   141  1  0.00261438     170
   142  1  0.00261438     170
   143  1  0.00261438     170
   144  1  0.00261438     170
   145  1  0.00261438     170
   146  1  0.00261438     170
   147  1  0.00261438     170
   148  1  0.00261438     170
   149  1  0.00261438     170
   150  1  0.00261438     170
   151  1  0.00261438     170
   152  1  0.00261438     170
   153  1  0.00261438     170
   154  1  0.00261438     170
   155  1  0.00261438     170
   156  1  0.00261438     170
   157  1  0.00261438     170
   158  1  0.00261438     170
   159  1  0.00261438     170
   160  1  0.00261438     170
   161  1  0.00261438     170
   162  1  0.00261438     170
   163  1  0.00261438     170
   164  1  0.00261438     170
   165  1  0.00261438     170
   166  1  0.00261438     170
   167  1  0.00261438     170
   168  1  0.00261438     170
   169  1  0.00261438     170
   170  1  0.00261438     170
   171  1  0.00261438     170
   172  1  0.00261438     170
   173  1  0.00261438     170
   174  1  0.00261438     170
   175  1  0.00261438     170
   176  1  0.00261438     170
   177  1  0.00261438     170
   178  1  0.00261438     170
   179  1  0.00261438     170
   180  1  0.00261438     170
   181  1  0.00261438     170
   182  1  0.00261438     170
   183  1  0.00261438     170
   184  1  0.00261438     170
   185  1  0.00261438     170
   186  1  0.00261438     170
   187  1  0.00261438     170
   188  1  0.00261438     170
   189  1  0.00261438     170
   190  1  0.00261438     170
   191  1  0.00261438     170
   192  1  0.00261438     170
   193  1  0.00261438     170
   194  1  0.00261438     170
   195  1  0.00261438     170
   196  1  0.00261438     170
   197  1  0.00261438     170
   198  1  0.00261438     170
   199  1  0.00261438     170
   200  1  0.00261438     170
   201  1  0.00261438     170
   202  1  0.00261438     170
   203  1  0.00261438     170
   204  1  0.00261438     170
   205  1  0.00261438     170
   206  1  0.00261438     170
   207  1  0.00261438     170
   208  1  0.00261438     170
   209  1  0.00261438     170
   210  1  0.00261438     170
   211  1  0.00261438     170
   212  1  0.00261438     170
   213  1  0.00261438     170
   214  1  0.00261438     170
   215  1  0.00261438     170
   216  1  0.00261438     170
   217  1  0.00261438     170
   218  1  0.00261438     170
   219  1  0.00261438     170
   220  1  0.00261438     170
   221  1  0.00261438     170
   222  1  0.00261438     170
   223  1  0.00261438     170
   224  1  0.00261438     170
   225  1  0.00261438     170
   226  1  0.00261438     170
   227  1  0.00261438     170
   228  1  0.00261438     170
   229  1  0.00261438     170
   230  1  0.00261438     170
   231  1  0.00261438     170
   232  1  0.00261438     170
   233  1  0.00261438     170
   234  1  0.00261438     170
   235  1  0.00261438     170
   236  1  0.00261438     170
   237  1  0.00261438     170
   238  1  0.00261438     170
   239  1  0.00261438     170
   240  1  0.00261438     170
   241  1  0.00261438     170
   242  1  0.00261438     170
   243  1  0.00261438     170
   244  1  0.00261438     170
   245  1  0.00261438     170
   246  1  0.00261438     170
   247  1  0.00261438     170
   248  1  0.00261438     170
   249  1  0.00261438     170
   250  1  0.00261438     170
   251  1  0.00261438     170
   252  1  0.00261438     170
   253  1  0.00261438     170
   254  1  0.00261438     170
   255  1  0.00261438     170
   256  1  0.00261438     170
   257  1  0.00261438     170
   258  1  0.00261438     170
   259  1  0.00261438     170
   260  1  0.00261438     170
   261  1  0.00261438     170
   262  1  0.00261438     170
   263  1  0.00261438     170
   264  1  0.00261438     170
   265  1  0.00261438     170
   266  1  0.00261438     170
   267  1  0.00261438     170
   268  1  0.00261438     170
   269  1  0.00261438     170
   270  1  0.00261438     170
   271  1  0.00261438     170
   272  1  0.00261438     170
   273  1  0.00261438     170
   274  1  0.00261438     170
   275  1  0.00261438     170
   276  1  0.00261438     170
   277  1  0.00261438     170
   278  1  0.00261438     170
   279  1  0.00261438     170
   280  1  0.00261438     170
   281  1  0.00261438     170
   282  1  0.00261438     170
   283  1  0.00261438     170
   284  1  0.00261438     170
   285  1  0.00261438     170
   286  1  0.00261438     170
   287  1  0.00261438     170
   288  1  0.00261438     170
   289  1  0.00261438     170
   290  1  0.00261438     170
   291  1  0.00261438     170
   292  1  0.00261438     170
   293  1  0.00261438     170
   294  1  0.00261438     170
   295  1  0.00261438     170
   296  1  0.00261438     170
   297  1  0.00261438     170
   298  1  0.00261438     170
   299  1  0.00261438     170
   300  1  0.00261438     170
   301  1  0.00261438     170
   302  1  0.00261438     170
   303  1  0.00261438     170
   304  1  0.00261438     170
   305  1  0.00261438     170
   306  1  0.00261438     170
   307  1  0.00261438     170
   308  1  0.00261438     170
   309  1  0.00261438     170
   310  1  0.00261438     170
   311  1  0.00261438     170
   312  1  0.00261438     170
   313  1  0.00261438     170
   314  1  0.00261438     170
   315  1  0.00261438     170
   316  1  0.00261438     170
   317  1  0.00261438     170
   318  1  0.00261438     170
   319  1  0.00261438     170
   320  1  0.00261438     170
   321  1  0.00261438     170
   322  1  0.00261438     170
   323  1  0.00261438     170
   324  1  0.00261438     170
   325  1  0.00261438     170
   326  1  0.00261438     170
   327  1  0.00261438     170
   328  1  0.00261438     170
   329  1  0.00261438     170
   330  1  0.00261438     170
   331  1  0.00261438     170
   332  1  0.00261438     170
   333  1  0.00261438     170
   334  1  0.00261438     170
   335  1  0.00261438     170
   336  1  0.00261438     170
   337  1  0.00261438     170
   338  1  0.00261438     170
   339  1  0.00261438     170
   340  1  0.00261438     170
   341  1  0.00261438     170
   342  1  0.00261438     170
   343  1  0.00261438     170
   344  1  0.00261438     170
   345  1  0.00261438     170
   346  1  0.00261438     170
   347  1  0.00261438     170
   348  1  0.00261438     170
   349  1  0.00261438     170
   350  1  0.00261438     170
   351  1  0.00261438     170
   352  1  0.00261438     170
   353  1  0.00261438     170
   354  1  0.00261438     170
   355  1  0.00261438     170
   356  1  0.00261438     170
   357  1  0.00261438     170
   358  1  0.00261438     170
   359  1  0.00261438     170
   360  1  0.00261438     170
   361  1  0.00261438     170
   362  1  0.00261438     170
   363  1  0.00261438     170
   364  1  0.00261438     170
   365  1  0.00261438     170
   366  1  0.00261438     170
   367  1  0.00261438     170
   368  1  0.00261438     170
   369  1  0.00261438     170
   370  1  0.00261438     170
   371  1  0.00261438     170
   372  1  0.00261438     170
   373  1  0.00261438     170
   374  1  0.00261438     170
   375  1  0.00261438     170
   376  1  0.00261438     170
   377  1  0.00261438     170
   378  1  0.00261438     170
   379  1  0.00261438     170
   380  1  0.00261438     170
   381  1  0.00261438     170
   382  1  0.00261438     170
   383  1  0.00261438     170
