    -2.676589       1.402135
    -2.596589       1.368574
    -2.516589       1.333912
    -2.436589       1.298048
    -2.356589       1.260869
    -2.276589       1.222241
    -2.196589       1.182012
    -2.116589       1.140007
    -2.036589       1.096021
    -1.956589       1.049815
    -1.876589       1.001106
    -1.796589       0.949559
    -1.716589       0.894771
    -1.636589       0.836257
    -1.556589       0.773424
    -1.476589       0.705542
    -1.396589       0.631699
    -1.316589       0.550743
    -1.236589       0.461191
    -1.156589       0.361114
    -1.076589       0.247936
    -0.996589       0.118158
    -0.916589      -0.033115
    -0.836589      -0.212936
    -0.756589      -0.431861
    -0.676589      -0.706428
    -0.596589      -1.064103
    -0.516589      -1.554091
    -0.436589      -2.274168
    -0.356589      -3.450229
    -0.276589      -5.748469
    -0.196589     -12.367573
    -0.116589    -271.564005
    -0.036589      16.134621
     0.043411       8.395729
     0.123411       5.889298
     0.203411       4.638809
     0.283411       3.882547
     0.363411       3.371046
     0.443411       2.998462
     0.523411       2.712210
     0.603411       2.483213
     0.683411       2.294078
     0.763411       2.133760
     0.843411       1.994911
     0.923411       1.872447
     1.003411       1.762736
     1.083411       1.663116
     1.163411       1.571587
     1.243411       1.486616
     1.323411       1.407009
