    -3.742414       1.473438
    -3.662414       1.438301
    -3.582414       1.401872
    -3.502414       1.364024
    -3.422414       1.324614
    -3.342414       1.283475
    -3.262414       1.240414
    -3.182414       1.195208
    -3.102414       1.147596
    -3.022414       1.097270
    -2.942414       1.043864
    -2.862414       0.986940
    -2.782414       0.925973
    -2.702414       0.860319
    -2.622414       0.789189
    -2.542414       0.711600
    -2.462414       0.626312
    -2.382414       0.531742
    -2.302414       0.425827
    -2.222414       0.305839
    -2.142414       0.168081
    -2.062414       0.007429
    -1.982414      -0.183451
    -1.902414      -0.415419
    -1.822414      -0.705281
    -1.742414      -1.080507
    -1.662414      -1.589278
    -1.582414      -2.324551
    -1.502414      -3.491826
    -1.422414      -5.653381
    -1.342414     -11.096343
    -1.262414     -52.211793
    -1.182414      24.737590
    -1.102414      10.923017
    -1.022414       7.338759
    -0.942414       5.681060
    -0.862414       4.719032
    -0.782414       4.086148
    -0.702414       3.634823
    -0.622414       3.294190
    -0.542414       3.025961
    -0.462414       2.807650
    -0.382414       2.625173
    -0.302414       2.469263
    -0.222414       2.333564
    -0.142414       2.213584
    -0.062414       2.106040
     0.017586       2.008493
     0.097586       1.919080
     0.177586       1.836359
     0.257586       1.759194
