    -2.000000       1.732453
    -1.920000       1.710682
    -1.840000       1.688684
    -1.760000       1.666453
    -1.680000       1.643984
    -1.600000       1.621269
    -1.520000       1.598302
    -1.440000       1.575074
    -1.360000       1.551579
    -1.280000       1.527808
    -1.200000       1.503753
    -1.120000       1.479406
    -1.040000       1.454756
    -0.960000       1.429796
    -0.880000       1.404513
    -0.800000       1.378900
    -0.720000       1.352943
    -0.640000       1.326632
    -0.560000       1.299954
    -0.480000       1.272897
    -0.400000       1.245447
    -0.320000       1.217590
    -0.240000       1.189312
    -0.160000       1.160597
    -0.080000       1.131427
     0.000000       1.101787
     0.080000       1.071656
     0.160000       1.041016
     0.240000       1.009847
     0.320000       0.978125
     0.400000       0.945829
     0.480000       0.912933
     0.560000       0.879411
     0.640000       0.845235
     0.720000       0.810377
     0.800000       0.774803
     0.880000       0.738481
     0.960000       0.701374
     1.040000       0.663444
     1.120000       0.624649
     1.200000       0.584946
     1.280000       0.544287
     1.360000       0.502620
     1.440000       0.459890
     1.520000       0.416039
     1.600000       0.371002
     1.680000       0.324710
     1.760000       0.277087
     1.840000       0.228052
     1.920000       0.177516
     2.000000       0.125383
