  0.0000     0.00000000    0.0000
  0.0101     0.00000000    0.0000
  0.0201     0.00000000    0.0000
  0.0301     0.00000000    0.0000
  0.0403     0.00000000    0.0000
  0.0505     0.00000000    0.0000
  0.0602     0.00000000    0.0000
  0.0700     0.00000000    0.0000
  0.0804     0.00000000    0.0000
  0.0900     0.00000000    0.0000
  0.1008     0.00000000    0.0000
  0.1100     0.00000000    0.0000
  0.1201     0.00000000    0.0000
  0.1311     0.00000000    0.0000
  0.1413     0.00000000    0.0000
  0.1505     0.00000000    0.0000
  0.1602     0.00000000    0.0000
  0.1705     0.00000000    0.0000
  0.1816     0.00000000    0.0000
  0.1909     0.00000000    0.0000
  0.2007     0.00000000    0.0000
  0.2110     0.00000000    0.0000
  0.2218     0.00000000    0.0000
  0.2303     0.00000000    0.0000
  0.2421     0.00000000    0.0000
  0.2514     0.00000000    0.0000
  0.2610     0.00000000    0.0000
  0.2710     0.00000000    0.0000
  0.2814     0.00000000    0.0000
  0.2921     0.00000000    0.0000
  0.3033     0.00000000    0.0000
  0.3110     0.00000000    0.0000
  0.3229     0.00000000    0.0000
  0.3311     0.00000000    0.0000
  0.3437     0.00000000    0.0000
  0.3525     0.00000000    0.0000
  0.3614     0.00000000    0.0000
  0.3705     0.00000000    0.0000
  0.3847     0.00000000    0.0000
  0.3945     0.00000000    0.0000
  0.4045     0.00000000    0.0000
  0.4147     0.00000000    0.0000
  0.4252     0.00000000    0.0000
  0.4306     0.00000000    0.0000
  0.4415     0.00000000    0.0000
  0.4527     0.00000000    0.0000
  0.4641     0.00000000    0.0000
  0.4759     0.00000000    0.0000
  0.4819     0.00000000    0.0000
  0.4941     0.00000000    0.0000
  0.5003     0.00000000    0.0000
  0.5130     0.00000000    0.0000
  0.5260     0.00000000    0.0000
  0.5326     0.00000000    0.0000
  0.5461     0.00000000    0.0000
  0.5529     0.00000000    0.0000
  0.5669     0.00000000    0.0000
  0.5741     0.00000000    0.0000
  0.5813     0.00000000    0.0000
  0.5960     0.00000000    0.0000
  0.6035     0.00000000    0.0000
  0.6111     0.00000000    0.0000
  0.6266     0.00000000    0.0000
  0.6345     0.00000000    0.0000
  0.6425     0.00000000    0.0000
  0.6506     0.00000000    0.0000
  0.6670     0.00000000    0.0000
  0.6754     0.00000000    0.0000
  0.6839     0.00000000    0.0000
  0.6925     0.00000000    0.0000
  0.7013     0.00000000    0.0000
  0.7101     0.00000000    0.0000
  0.7281     0.00000000    0.0000
  0.7372     0.00000000    0.0000
  0.7465     0.00000000    0.0000
  0.7559     0.00000000    0.0000
  0.7654     0.00000000    0.0000
  0.7750     0.00000000    0.0000
  0.7848     0.00000000    0.0000
  0.7947     0.00000000    0.0000
  0.8047     0.00000000    0.0000
  0.8148     0.00000000    0.0000
  0.8250     0.00000000    0.0000
  0.8354     0.00000000    0.0000
  0.8459     0.00000000    0.0000
  0.8566     0.00000000    0.0000
  0.8674     0.00000000    0.0000
  0.8783     0.00000000    0.0000
  0.8893     0.00000000    0.0000
  0.9005     0.00000000    0.0000
  0.9118     0.00000000    0.0000
  0.9233     0.00000000    0.0000
  0.9349     0.00000000    0.0000
  0.9467     0.00000000    0.0000
  0.9586     0.00000000    0.0000
  0.9707     0.00000000    0.0000
  0.9829     0.00000000    0.0000
  0.9953     0.00000000    0.0000
  1.0078     0.00000000    0.0000
  1.0205     0.00000000    0.0000
  1.0333     0.00000000    0.0000
  1.0463     0.00000000    0.0000
  1.0595     0.00000000    0.0000
  1.0728     0.00000000    0.0000
  1.0863     0.00000001    0.0000
  1.1000     0.00000001    0.0000
  1.1138     0.00000001    0.0000
  1.1278     0.00000001    0.0000
  1.1420     0.00000001    0.0000
  1.1564     0.00000001    0.0000
  1.1709     0.00000001    0.0000
  1.1857     0.00000001    0.0000
  1.2006     0.00000001    0.0000
  1.2157     0.00000001    0.0000
  1.2310     0.00000001    0.0000
  1.2465     0.00000001    0.0000
  1.2621     0.00000001    0.0000
  1.2780     0.00000001    0.0000
  1.2941     0.00000001    0.0000
  1.3104     0.00000001    0.0000
  1.3269     0.00000001    0.0000
  1.3436     0.00000001    0.0000
  1.3605     0.00000001    0.0000
  1.3776     0.00000001    0.0000
  1.3949     0.00000001    0.0000
  1.4125     0.00000001    0.0000
  1.4302     0.00000001    0.0000
  1.4482     0.00000001    0.0000
  1.4665     0.00000001    0.0000
  1.4849     0.00000001    0.0000
  1.5036     0.00000002    0.0000
  1.5225     0.00000002    0.0000
  1.5417     0.00000002    0.0000
  1.5611     0.00000002    0.0000
  1.5807     0.00000002    0.0000
  1.6006     0.00000002    0.0000
  1.6207     0.00000002    0.0000
  1.6411     0.00000002    0.0000
  1.6618     0.00000002    0.0000
  1.6827     0.00000002    0.0000
  1.7038     0.00000002    0.0000
  1.7253     0.00000002    0.0000
  1.7470     0.00000003    0.0000
  1.7689     0.00000003    0.0000
  1.7912     0.00000003    0.0000
  1.8137     0.00000003    0.0000
  1.8366     0.00000003    0.0000
  1.8597     0.00000003    0.0000
  1.8831     0.00000003    0.0000
  1.9067     0.00000003    0.0000
  1.9307     0.00000004    0.0000
  1.9550     0.00000004    0.0000
  1.9796     0.00000004    0.0000
  2.0045     0.00000004    0.0000
  2.0297     0.00000004    0.0000
  2.0553     0.00000005    0.0000
  2.0811     0.00000005    0.0000
  2.1073     0.00000005    0.0000
  2.1338     0.00000005    0.0000
  2.1607     0.00000005    0.0000
  2.1878     0.00000006    0.0000
  2.2154     0.00000006    0.0000
  2.2432     0.00000006    0.0000
  2.2715     0.00000006    0.0000
  2.3000     0.00000007    0.0000
  2.3290     0.00000007    0.0000
  2.3583     0.00000007    0.0000
  2.3879     0.00000008    0.0000
  2.4180     0.00000008    0.0000
  2.4484     0.00000008    0.0000
  2.4792     0.00000009    0.0000
  2.5104     0.00000009    0.0000
  2.5420     0.00000010    0.0000
  2.5739     0.00000010    0.0000
  2.6063     0.00000010    0.0000
  2.6391     0.00000011    0.0000
  2.6723     0.00000011    0.0000
  2.7059     0.00000012    0.0000
  2.7400     0.00000012    0.0000
  2.7744     0.00000013    0.0000
  2.8093     0.00000014    0.0000
  2.8447     0.00000014    0.0000
  2.8805     0.00000015    0.0000
  2.9167     0.00000015    0.0000
  2.9534     0.00000016    0.0000
  2.9905     0.00000017    0.0000
  3.0282     0.00000018    0.0000
  3.0663     0.00000018    0.0000
  3.1048     0.00000019    0.0000
  3.1439     0.00000020    0.0000
  3.1834     0.00000021    0.0000
  3.2235     0.00000022    0.0000
  3.2640     0.00000023    0.0000
  3.3051     0.00000024    0.0000
  3.3467     0.00000025    0.0000
  3.3888     0.00000026    0.0000
  3.4314     0.00000028    0.0000
  3.4746     0.00000029    0.0000
  3.5183     0.00000030    0.0000
  3.5625     0.00000031    0.0000
  3.6073     0.00000033    0.0000
  3.6527     0.00000034    0.0000
  3.6987     0.00000036    0.0000
  3.7452     0.00000038    0.0000
  3.7923     0.00000039    0.0000
  3.8400     0.00000041    0.0000
  3.8883     0.00000043    0.0000
  3.9372     0.00000045    0.0000
  3.9868     0.00000047    0.0000
  4.0369     0.00000049    0.0000
  4.0877     0.00000051    0.0000
  4.1391     0.00000054    0.0000
  4.1912     0.00000056    0.0000
  4.2439     0.00000059    0.0000
  4.2973     0.00000061    0.0000
  4.3514     0.00000064    0.0000
  4.4061     0.00000067    0.0000
  4.4615     0.00000070    0.0000
  4.5176     0.00000074    0.0000
  4.5745     0.00000077    0.0000
  4.6320     0.00000081    0.0000
  4.6903     0.00000084    0.0000
  4.7493     0.00000088    0.0000
  4.8090     0.00000092    0.0000
  4.8695     0.00000097    0.0000
  4.9308     0.00000101    0.0000
  4.9928     0.00000106    0.0000
  5.0556     0.00000111    0.0000
  5.1192     0.00000116    0.0000
  5.1836     0.00000121    0.0000
  5.2488     0.00000127    0.0000
  5.3148     0.00000133    0.0000
  5.3817     0.00000139    0.0000
  5.4494     0.00000145    0.0000
  5.5179     0.00000152    0.0000
  5.5873     0.00000159    0.0000
  5.6576     0.00000167    0.0000
  5.7288     0.00000175    0.0000
  5.8009     0.00000183    0.0000
  5.8738     0.00000192    0.0000
  5.9477     0.00000201    0.0000
  6.0225     0.00000210    0.0000
  6.0983     0.00000220    0.0000
  6.1750     0.00000231    0.0000
  6.2527     0.00000242    0.0000
  6.3313     0.00000253    0.0000
  6.4110     0.00000265    0.0000
  6.4916     0.00000278    0.0000
  6.5733     0.00000291    0.0000
  6.6560     0.00000305    0.0000
  6.7397     0.00000319    0.0000
  6.8245     0.00000335    0.0000
  6.9103     0.00000351    0.0000
  6.9972     0.00000368    0.0000
  7.0852     0.00000385    0.0000
  7.1744     0.00000404    0.0000
  7.2646     0.00000424    0.0000
  7.3560     0.00000444    0.0000
  7.4485     0.00000466    0.0000
  7.5422     0.00000488    0.0000
  7.6371     0.00000512    0.0000
  7.7332     0.00000537    0.0000
  7.8304     0.00000563    0.0000
  7.9289     0.00000590    0.0000
  8.0287     0.00000619    0.0000
  8.1297     0.00000649    0.0000
  8.2319     0.00000681    0.0000
  8.3355     0.00000715    0.0000
  8.4403     0.00000750    0.0000
  8.5465     0.00000787    0.0000
  8.6540     0.00000825    0.0000
  8.7629     0.00000866    0.0000
  8.8731     0.00000909    0.0000
  8.9847     0.00000954    0.0000
  9.0977     0.00001001    0.0000
  9.2122     0.00001050    0.0000
  9.3280     0.00001102    0.0000
  9.4454     0.00001157    0.0000
  9.5642     0.00001215    0.0000
  9.6845     0.00001275    0.0000
  9.8063     0.00001339    0.0000
  9.9297     0.00001405    0.0000
 10.0546     0.00001475    0.0000
 10.1810     0.00001549    0.0000
 10.3091     0.00001627    0.0000
 10.4388     0.00001708    0.0000
 10.5701     0.00001794    0.0000
 10.7031     0.00001884    0.0000
 10.8377     0.00001978    0.0000
 10.9740     0.00002077    0.0000
 11.1121     0.00002182    0.0000
 11.2518     0.00002292    0.0000
 11.3934     0.00002407    0.0000
 11.5367     0.00002528    0.0000
 11.6818     0.00002656    0.0000
 11.8287     0.00002790    0.0000
 11.9775     0.00002931    0.0000
 12.1282     0.00003079    0.0000
 12.2808     0.00003235    0.0000
 12.4352     0.00003399    0.0000
 12.5916     0.00003571    0.0000
 12.7500     0.00003752    0.0000
 12.9104     0.00003942    0.0000
 13.0728     0.00004142    0.0000
 13.2373     0.00004352    0.0000
 13.4038     0.00004573    0.0000
 13.5724     0.00004806    0.0000
 13.7431     0.00005050    0.0000
 13.9160     0.00005307    0.0000
 14.0910     0.00005577    0.0000
 14.2682     0.00005861    0.0000
 14.4477     0.00006160    0.0000
 14.6295     0.00006473    0.0000
 14.8135     0.00006803    0.0000
 14.9998     0.00007150    0.0000
 15.1885     0.00007515    0.0000
 15.3795     0.00007898    0.0000
 15.5730     0.00008301    0.0000
 15.7689     0.00008725    0.0000
 15.9672     0.00009171    0.0000
 16.1681     0.00009639    0.0000
 16.3715     0.00010131    0.0000
 16.5774     0.00010649    0.0000
 16.7859     0.00011193    0.0000
 16.9971     0.00011765    0.0000
 17.2109     0.00012367    0.0000
 17.4273     0.00012999    0.0000
 17.6466     0.00013664    0.0000
 17.8685     0.00014363    0.0000
 18.0933     0.00015098    0.0000
 18.3209     0.00015871    0.0000
 18.5513     0.00016683    0.0000
 18.7847     0.00017537    0.0000
 19.0210     0.00018435    0.0000
 19.2602     0.00019378    0.0000
 19.5025     0.00020371    0.0000
 19.7478     0.00021414    0.0000
 19.9962     0.00022510    0.0000
 20.2477     0.00023663    0.0000
 20.5024     0.00024875    0.0000
 20.7603     0.00026150    0.0000
 21.0215     0.00027489    0.0000
 21.2859     0.00028897    0.0000
 21.5536     0.00030378    0.0000
 21.8247     0.00031934    0.0000
 22.0993     0.00033571    0.0000
 22.3772     0.00035291    0.0000
 22.6587     0.00037099    0.0000
 22.9437     0.00039001    0.0000
 23.2323     0.00040999    0.0000
 23.5246     0.00043100    0.0000
 23.8205     0.00045309    0.0000
 24.1201     0.00047632    0.0000
 24.4235     0.00050073    0.0000
 24.7307     0.00052639    0.0000
 25.0418     0.00055338    0.0000
 25.3568     0.00058174    0.0000
 25.6757     0.00061156    0.0000
 25.9987     0.00064291    0.0000
 26.3257     0.00067587    0.0000
 26.6569     0.00071051    0.0000
 26.9922     0.00074694    0.0000
 27.3317     0.00078523    0.0000
 27.6755     0.00082548    0.0000
 28.0236     0.00086780    0.0000
 28.3761     0.00091229    0.0000
 28.7330     0.00095906    0.0000
 29.0945     0.00100822    0.0000
 29.4604     0.00105991    0.0000
 29.8310     0.00111425    0.0000
 30.2062     0.00117138    0.0000
 30.5862     0.00123143    0.0000
 30.9709     0.00129456    0.0000
 31.3605     0.00136093    0.0000
 31.7550     0.00143071    0.0000
 32.1544     0.00150406    0.0000
 32.5588     0.00158117    0.0000
 32.9684     0.00166223    0.0000
 33.3831     0.00174746    0.0000
 33.8030     0.00183705    0.0000
 34.2282     0.00193123    0.0000
 34.6587     0.00203025    0.0000
 35.0947     0.00213434    0.0000
 35.5361     0.00224377    0.0000
 35.9831     0.00235881    0.0000
 36.4357     0.00247974    0.0000
 36.8940     0.00260688    0.0000
 37.3581     0.00274054    0.0000
 37.8280     0.00288105    0.0000
 38.3038     0.00302876    0.0000
 38.7857     0.00318405    0.0000
 39.2735     0.00334729    0.0000
 39.7675     0.00351891    0.0000
 40.2677     0.00369933    0.0000
 40.7743     0.00388900    0.0000
 41.2871     0.00408839    0.0000
