  0.0000     0.00000000    0.0000
  0.0101     0.00148149    0.0000
  0.0201     0.00566005    0.0000
  0.0301     0.01223474    0.0000
  0.0403     0.02101172    0.0000
  0.0505     0.03178013    0.0000
  0.0602     0.04354634    0.0000
  0.0700     0.05673109    0.0000
  0.0804     0.07193368    0.0000
  0.0900     0.08700935    0.0000
  0.1008     0.10482980    0.0000
  0.1100     0.12081854    0.0000
  0.1201     0.13885659    0.0000
  0.1311     0.15910964    0.0000
  0.1413     0.17834969    0.0000
  0.1505     0.19577536    0.0000
  0.1602     0.21451195    0.0000
  0.1705     0.23459226    0.0000
  0.1816     0.25603767    0.0000
  0.1909     0.27418253    0.0000
  0.2007     0.29320278    0.0000
  0.2110     0.31308750    0.0000
  0.2218     0.33381741    0.0000
  0.2303     0.34990275    0.0000
  0.2421     0.37203735    0.0000
  0.2514     0.38912854    0.0000
  0.2610     0.40661395    0.0000
  0.2710     0.42446617    0.0000
  0.2814     0.44265392    0.0000
  0.2921     0.46114197    0.0000
  0.3033     0.47989101    0.0000
  0.3110     0.49251407    0.0000
  0.3229     0.51159944    0.0000
  0.3311     0.52440171    0.0000
  0.3437     0.54368315    0.0000
  0.3525     0.55656460    0.0000
  0.3614     0.56944678    0.0000
  0.3705     0.58231079    0.0000
  0.3847     0.60152937    0.0000
  0.3945     0.61425993    0.0000
  0.4045     0.62689985    0.0000
  0.4147     0.63942673    0.0000
  0.4252     0.65181748    0.0000
  0.4306     0.65795440    0.0000
  0.4415     0.67009620    0.0000
  0.4527     0.68204133    0.0000
  0.4641     0.69376464    0.0000
  0.4759     0.70524050    0.0000
  0.4819     0.71087753    0.0000
  0.4941     0.72193337    0.0000
  0.5003     0.72734559    0.0000
  0.5130     0.73792207    0.0000
  0.5260     0.74814575    0.0000
  0.5326     0.75311700    0.0000
  0.5461     0.76276176    0.0000
  0.5529     0.76742869    0.0000
  0.5669     0.77643534    0.0000
  0.5741     0.78076860    0.0000
  0.5813     0.78498424    0.0000
  0.5960     0.79305008    0.0000
  0.6035     0.79689413    0.0000
  0.6111     0.80060821    0.0000
  0.6266     0.80763469    0.0000
  0.6345     0.81094134    0.0000
  0.6425     0.81410652    0.0000
  0.6506     0.81712751    0.0000
  0.6670     0.82272644    0.0000
  0.6754     0.82529932    0.0000
  0.6839     0.82771789    0.0000
  0.6925     0.82997984    0.0000
  0.7013     0.83208294    0.0000
  0.7101     0.83402505    0.0000
  0.7281     0.83741823    0.0000
  0.7372     0.83886552    0.0000
  0.7465     0.84014426    0.0000
  0.7559     0.84125284    0.0000
  0.7654     0.84218973    0.0000
  0.7750     0.84295354    0.0000
  0.7848     0.84354298    0.0000
  0.7947     0.84395689    0.0000
  0.8047     0.84419422    0.0000
  0.8148     0.84425405    0.0000
  0.8250     0.84413558    0.0000
  0.8354     0.84383812    0.0000
  0.8459     0.84336113    0.0000
  0.8566     0.84270418    0.0000
  0.8674     0.84186698    0.0000
  0.8783     0.84084936    0.0000
  0.8893     0.83965127    0.0000
  0.9005     0.83827280    0.0000
  0.9118     0.83671416    0.0000
  0.9233     0.83497572    0.0000
  0.9349     0.83305792    0.0000
  0.9467     0.83096138    0.0000
  0.9586     0.82868682    0.0000
  0.9707     0.82623510    0.0000
  0.9829     0.82360718    0.0000
  0.9953     0.82080418    0.0000
  1.0078     0.81782731    0.0000
  1.0205     0.81467791    0.0000
  1.0333     0.81135745    0.0000
  1.0463     0.80786751    0.0000
  1.0595     0.80420977    0.0000
  1.0728     0.80038604    0.0000
  1.0863     0.79639825    0.0000
  1.1000     0.79224840    0.0000
  1.1138     0.78793863    0.0000
  1.1278     0.78347117    0.0000
  1.1420     0.77884834    0.0000
  1.1564     0.77407258    0.0000
  1.1709     0.76914639    0.0000
  1.1857     0.76407237    0.0000
  1.2006     0.75885322    0.0000
  1.2157     0.75349169    0.0000
  1.2310     0.74799066    0.0000
  1.2465     0.74235305    0.0000
  1.2621     0.73658186    0.0000
  1.2780     0.73068019    0.0000
  1.2941     0.72465118    0.0000
  1.3104     0.71849803    0.0000
  1.3269     0.71222403    0.0000
  1.3436     0.70583251    0.0000
  1.3605     0.69932686    0.0000
  1.3776     0.69271051    0.0000
  1.3949     0.68598697    0.0000
  1.4125     0.67915975    0.0000
  1.4302     0.67223245    0.0000
  1.4482     0.66520868    0.0000
  1.4665     0.65809208    0.0000
  1.4849     0.65088635    0.0000
  1.5036     0.64359520    0.0000
  1.5225     0.63622238    0.0000
  1.5417     0.62877164    0.0000
  1.5611     0.62124678    0.0000
  1.5807     0.61365161    0.0000
  1.6006     0.60598994    0.0000
  1.6207     0.59826561    0.0000
  1.6411     0.59048246    0.0000
  1.6618     0.58264434    0.0000
  1.6827     0.57475510    0.0000
  1.7038     0.56681862    0.0000
  1.7253     0.55883873    0.0000
  1.7470     0.55081930    0.0000
  1.7689     0.54276417    0.0000
  1.7912     0.53467719    0.0000
  1.8137     0.52656219    0.0000
  1.8366     0.51842298    0.0000
  1.8597     0.51026338    0.0000
  1.8831     0.50208715    0.0000
  1.9067     0.49389809    0.0000
  1.9307     0.48569993    0.0000
  1.9550     0.47749639    0.0000
  1.9796     0.46929118    0.0000
  2.0045     0.46108796    0.0000
  2.0297     0.45289038    0.0000
  2.0553     0.44470205    0.0000
  2.0811     0.43652654    0.0000
  2.1073     0.42836740    0.0000
  2.1338     0.42022812    0.0000
  2.1607     0.41211218    0.0000
  2.1878     0.40402298    0.0000
  2.2154     0.39596392    0.0000
  2.2432     0.38793831    0.0000
  2.2715     0.37994945    0.0000
  2.3000     0.37200057    0.0000
  2.3290     0.36409486    0.0000
  2.3583     0.35623544    0.0000
  2.3879     0.34842540    0.0000
  2.4180     0.34066774    0.0000
  2.4484     0.33296542    0.0000
  2.4792     0.32532134    0.0000
  2.5104     0.31773834    0.0000
  2.5420     0.31021919    0.0000
  2.5739     0.30276657    0.0000
  2.6063     0.29538314    0.0000
  2.6391     0.28807144    0.0000
  2.6723     0.28083398    0.0000
  2.7059     0.27367315    0.0000
  2.7400     0.26659131    0.0000
  2.7744     0.25959072    0.0000
  2.8093     0.25267355    0.0000
  2.8447     0.24584191    0.0000
  2.8805     0.23909782    0.0000
  2.9167     0.23244321    0.0000
  2.9534     0.22587992    0.0000
  2.9905     0.21940973    0.0000
  3.0282     0.21303430    0.0000
  3.0663     0.20675522    0.0000
  3.1048     0.20057397    0.0000
  3.1439     0.19449196    0.0000
  3.1834     0.18851051    0.0000
  3.2235     0.18263081    0.0000
  3.2640     0.17685399    0.0000
  3.3051     0.17118108    0.0000
  3.3467     0.16561300    0.0000
  3.3888     0.16015059    0.0000
  3.4314     0.15479457    0.0000
  3.4746     0.14954560    0.0000
  3.5183     0.14440420    0.0000
  3.5625     0.13937082    0.0000
  3.6073     0.13444582    0.0000
  3.6527     0.12962944    0.0000
  3.6987     0.12492183    0.0000
  3.7452     0.12032306    0.0000
  3.7923     0.11583310    0.0000
  3.8400     0.11145180    0.0000
  3.8883     0.10717896    0.0000
  3.9372     0.10301426    0.0000
  3.9868     0.09895730    0.0000
  4.0369     0.09500758    0.0000
  4.0877     0.09116452    0.0000
  4.1391     0.08742746    0.0000
  4.1912     0.08379566    0.0000
  4.2439     0.08026828    0.0000
  4.2973     0.07684442    0.0000
  4.3514     0.07352308    0.0000
  4.4061     0.07030322    0.0000
  4.4615     0.06718369    0.0000
  4.5176     0.06416329    0.0000
  4.5745     0.06124076    0.0000
  4.6320     0.05841476    0.0000
  4.6903     0.05568390    0.0000
  4.7493     0.05304673    0.0000
  4.8090     0.05050173    0.0000
  4.8695     0.04804736    0.0000
  4.9308     0.04568201    0.0000
  4.9928     0.04340402    0.0000
  5.0556     0.04121170    0.0000
  5.1192     0.03910332    0.0000
  5.1836     0.03707711    0.0000
  5.2488     0.03513128    0.0000
  5.3148     0.03326399    0.0000
  5.3817     0.03147339    0.0000
  5.4494     0.02975762    0.0000
  5.5179     0.02811477    0.0000
  5.5873     0.02654295    0.0000
  5.6576     0.02504024    0.0000
  5.7288     0.02360472    0.0000
  5.8009     0.02223444    0.0000
  5.8738     0.02092750    0.0000
  5.9477     0.01968194    0.0000
  6.0225     0.01849586    0.0000
  6.0983     0.01736732    0.0000
  6.1750     0.01629444    0.0000
  6.2527     0.01527531    0.0000
  6.3313     0.01430805    0.0000
  6.4110     0.01339081    0.0000
  6.4916     0.01252176    0.0000
  6.5733     0.01169906    0.0000
  6.6560     0.01092095    0.0000
  6.7397     0.01018565    0.0000
  6.8245     0.00949144    0.0000
  6.9103     0.00883660    0.0000
  6.9972     0.00821949    0.0000
  7.0852     0.00763845    0.0000
  7.1744     0.00709190    0.0000
  7.2646     0.00657828    0.0000
  7.3560     0.00609606    0.0000
  7.4485     0.00564377    0.0000
  7.5422     0.00521995    0.0000
  7.6371     0.00482322    0.0000
  7.7332     0.00445221    0.0000
  7.8304     0.00410561    0.0000
  7.9289     0.00378213    0.0000
  8.0287     0.00348056    0.0000
  8.1297     0.00319969    0.0000
  8.2319     0.00293839    0.0000
  8.3355     0.00269555    0.0000
  8.4403     0.00247012    0.0000
  8.5465     0.00226107    0.0000
  8.6540     0.00206742    0.0000
  8.7629     0.00188825    0.0000
  8.8731     0.00172265    0.0000
  8.9847     0.00156978    0.0000
  9.0977     0.00142882    0.0000
  9.2122     0.00129899    0.0000
  9.3280     0.00117956    0.0000
  9.4454     0.00106982    0.0000
  9.5642     0.00096912    0.0000
  9.6845     0.00087681    0.0000
  9.8063     0.00079231    0.0000
  9.9297     0.00071505    0.0000
 10.0546     0.00064451    0.0000
 10.1810     0.00058017    0.0000
 10.3091     0.00052157    0.0000
 10.4388     0.00046828    0.0000
 10.5701     0.00041986    0.0000
 10.7031     0.00037594    0.0000
 10.8377     0.00033616    0.0000
 10.9740     0.00030017    0.0000
 11.1121     0.00026765    0.0000
 11.2518     0.00023832    0.0000
 11.3934     0.00021189    0.0000
 11.5367     0.00018813    0.0000
 11.6818     0.00016678    0.0000
 11.8287     0.00014763    0.0000
 11.9775     0.00013048    0.0000
 12.1282     0.00011515    0.0000
 12.2808     0.00010146    0.0000
 12.4352     0.00008926    0.0000
 12.5916     0.00007840    0.0000
 12.7500     0.00006876    0.0000
 12.9104     0.00006020    0.0000
 13.0728     0.00005262    0.0000
 13.2373     0.00004591    0.0000
 13.4038     0.00004000    0.0000
 13.5724     0.00003478    0.0000
 13.7431     0.00003020    0.0000
 13.9160     0.00002617    0.0000
 14.0910     0.00002264    0.0000
 14.2682     0.00001955    0.0000
 14.4477     0.00001685    0.0000
 14.6295     0.00001449    0.0000
 14.8135     0.00001245    0.0000
 14.9998     0.00001067    0.0000
 15.1885     0.00000913    0.0000
 15.3795     0.00000779    0.0000
 15.5730     0.00000664    0.0000
 15.7689     0.00000565    0.0000
 15.9672     0.00000479    0.0000
 16.1681     0.00000406    0.0000
 16.3715     0.00000343    0.0000
 16.5774     0.00000289    0.0000
 16.7859     0.00000244    0.0000
 16.9971     0.00000205    0.0000
 17.2109     0.00000171    0.0000
 17.4273     0.00000143    0.0000
 17.6466     0.00000120    0.0000
 17.8685     0.00000100    0.0000
 18.0933     0.00000083    0.0000
 18.3209     0.00000069    0.0000
 18.5513     0.00000057    0.0000
 18.7847     0.00000047    0.0000
 19.0210     0.00000038    0.0000
 19.2602     0.00000032    0.0000
 19.5025     0.00000026    0.0000
 19.7478     0.00000021    0.0000
 19.9962     0.00000017    0.0000
 20.2477     0.00000014    0.0000
 20.5024     0.00000011    0.0000
 20.7603     0.00000009    0.0000
 21.0215     0.00000007    0.0000
 21.2859     0.00000006    0.0000
 21.5536     0.00000005    0.0000
 21.8247     0.00000004    0.0000
 22.0993     0.00000003    0.0000
 22.3772     0.00000002    0.0000
 22.6587     0.00000002    0.0000
 22.9437     0.00000002    0.0000
 23.2323     0.00000001    0.0000
 23.5246     0.00000001    0.0000
 23.8205     0.00000001    0.0000
 24.1201     0.00000001    0.0000
 24.4235     0.00000000    0.0000
 24.7307     0.00000000    0.0000
 25.0418     0.00000000    0.0000
 25.3568     0.00000000    0.0000
 25.6757     0.00000000    0.0000
 25.9987     0.00000000    0.0000
 26.3257     0.00000000    0.0000
 26.6569     0.00000000    0.0000
 26.9922     0.00000000    0.0000
 27.3317     0.00000000    0.0000
 27.6755     0.00000000    0.0000
 28.0236     0.00000000    0.0000
 28.3761     0.00000000    0.0000
 28.7330     0.00000000    0.0000
 29.0945     0.00000000    0.0000
 29.4604     0.00000000    0.0000
 29.8310     0.00000000    0.0000
 30.2062     0.00000000    0.0000
 30.5862     0.00000000    0.0000
 30.9709     0.00000000    0.0000
 31.3605     0.00000000    0.0000
 31.7550     0.00000000    0.0000
 32.1544     0.00000000    0.0000
 32.5588     0.00000000    0.0000
 32.9684     0.00000000    0.0000
 33.3831     0.00000000    0.0000
 33.8030     0.00000000    0.0000
 34.2282     0.00000000    0.0000
 34.6587     0.00000000    0.0000
 35.0947     0.00000000    0.0000
 35.5361     0.00000000    0.0000
 35.9831     0.00000000    0.0000
 36.4357     0.00000000    0.0000
 36.8940     0.00000000    0.0000
 37.3581     0.00000000    0.0000
 37.8280     0.00000000    0.0000
 38.3038     0.00000000    0.0000
 38.7857     0.00000000    0.0000
 39.2735     0.00000000    0.0000
 39.7675     0.00000000    0.0000
 40.2677     0.00000000    0.0000
 40.7743     0.00000000    0.0000
 41.2871     0.00000000    0.0000
