  0.0000     0.00000000    0.0000
  0.0101     0.00000000    0.0000
  0.0201     0.00000000    0.0000
  0.0301     0.00000000    0.0000
  0.0403     0.00000000    0.0000
  0.0505     0.00000000    0.0000
  0.0602     0.00000000    0.0000
  0.0700     0.00000000    0.0000
  0.0804     0.00000000    0.0000
  0.0900     0.00000000    0.0000
  0.1008     0.00000000    0.0000
  0.1100     0.00000000    0.0000
  0.1201     0.00000000    0.0000
  0.1311     0.00000001    0.0000
  0.1413     0.00000001    0.0000
  0.1505     0.00000001    0.0000
  0.1602     0.00000001    0.0000
  0.1705     0.00000001    0.0000
  0.1816     0.00000001    0.0000
  0.1909     0.00000001    0.0000
  0.2007     0.00000002    0.0000
  0.2110     0.00000002    0.0000
  0.2218     0.00000002    0.0000
  0.2303     0.00000002    0.0000
  0.2421     0.00000003    0.0000
  0.2514     0.00000003    0.0000
  0.2610     0.00000003    0.0000
  0.2710     0.00000004    0.0000
  0.2814     0.00000004    0.0000
  0.2921     0.00000004    0.0000
  0.3033     0.00000005    0.0000
  0.3110     0.00000005    0.0000
  0.3229     0.00000006    0.0000
  0.3311     0.00000006    0.0000
  0.3437     0.00000007    0.0000
  0.3525     0.00000007    0.0000
  0.3614     0.00000007    0.0000
  0.3705     0.00000008    0.0000
  0.3847     0.00000009    0.0000
  0.3945     0.00000009    0.0000
  0.4045     0.00000010    0.0000
  0.4147     0.00000010    0.0000
  0.4252     0.00000011    0.0000
  0.4306     0.00000011    0.0000
  0.4415     0.00000012    0.0000
  0.4527     0.00000013    0.0000
  0.4641     0.00000013    0.0000
  0.4759     0.00000014    0.0000
  0.4819     0.00000014    0.0000
  0.4941     0.00000015    0.0000
  0.5003     0.00000016    0.0000
  0.5130     0.00000017    0.0000
  0.5260     0.00000018    0.0000
  0.5326     0.00000018    0.0000
  0.5461     0.00000019    0.0000
  0.5529     0.00000020    0.0000
  0.5669     0.00000021    0.0000
  0.5741     0.00000022    0.0000
  0.5813     0.00000022    0.0000
  0.5960     0.00000023    0.0000
  0.6035     0.00000024    0.0000
  0.6111     0.00000025    0.0000
  0.6266     0.00000026    0.0000
  0.6345     0.00000027    0.0000
  0.6425     0.00000028    0.0000
  0.6506     0.00000028    0.0000
  0.6670     0.00000030    0.0000
  0.6754     0.00000031    0.0000
  0.6839     0.00000032    0.0000
  0.6925     0.00000032    0.0000
  0.7013     0.00000033    0.0000
  0.7101     0.00000034    0.0000
  0.7281     0.00000036    0.0000
  0.7372     0.00000037    0.0000
  0.7465     0.00000038    0.0000
  0.7559     0.00000039    0.0000
  0.7654     0.00000040    0.0000
  0.7750     0.00000041    0.0000
  0.7848     0.00000042    0.0000
  0.7947     0.00000044    0.0000
  0.8047     0.00000045    0.0000
  0.8148     0.00000046    0.0000
  0.8250     0.00000047    0.0000
  0.8354     0.00000048    0.0000
  0.8459     0.00000050    0.0000
  0.8566     0.00000051    0.0000
  0.8674     0.00000052    0.0000
  0.8783     0.00000054    0.0000
  0.8893     0.00000055    0.0000
  0.9005     0.00000057    0.0000
  0.9118     0.00000058    0.0000
  0.9233     0.00000060    0.0000
  0.9349     0.00000061    0.0000
  0.9467     0.00000063    0.0000
  0.9586     0.00000065    0.0000
  0.9707     0.00000067    0.0000
  0.9829     0.00000068    0.0000
  0.9953     0.00000070    0.0000
  1.0078     0.00000072    0.0000
  1.0205     0.00000074    0.0000
  1.0333     0.00000076    0.0000
  1.0463     0.00000078    0.0000
  1.0595     0.00000080    0.0000
  1.0728     0.00000082    0.0000
  1.0863     0.00000084    0.0000
  1.1000     0.00000086    0.0000
  1.1138     0.00000089    0.0000
  1.1278     0.00000091    0.0000
  1.1420     0.00000094    0.0000
  1.1564     0.00000096    0.0000
  1.1709     0.00000099    0.0000
  1.1857     0.00000101    0.0000
  1.2006     0.00000104    0.0000
  1.2157     0.00000107    0.0000
  1.2310     0.00000110    0.0000
  1.2465     0.00000112    0.0000
  1.2621     0.00000115    0.0000
  1.2780     0.00000119    0.0000
  1.2941     0.00000122    0.0000
  1.3104     0.00000125    0.0000
  1.3269     0.00000128    0.0000
  1.3436     0.00000132    0.0000
  1.3605     0.00000135    0.0000
  1.3776     0.00000139    0.0000
  1.3949     0.00000143    0.0000
  1.4125     0.00000146    0.0000
  1.4302     0.00000150    0.0000
  1.4482     0.00000154    0.0000
  1.4665     0.00000159    0.0000
  1.4849     0.00000163    0.0000
  1.5036     0.00000167    0.0000
  1.5225     0.00000172    0.0000
  1.5417     0.00000176    0.0000
  1.5611     0.00000181    0.0000
  1.5807     0.00000186    0.0000
  1.6006     0.00000191    0.0000
  1.6207     0.00000196    0.0000
  1.6411     0.00000202    0.0000
  1.6618     0.00000207    0.0000
  1.6827     0.00000213    0.0000
  1.7038     0.00000219    0.0000
  1.7253     0.00000225    0.0000
  1.7470     0.00000231    0.0000
  1.7689     0.00000237    0.0000
  1.7912     0.00000243    0.0000
  1.8137     0.00000250    0.0000
  1.8366     0.00000257    0.0000
  1.8597     0.00000264    0.0000
  1.8831     0.00000271    0.0000
  1.9067     0.00000279    0.0000
  1.9307     0.00000286    0.0000
  1.9550     0.00000294    0.0000
  1.9796     0.00000303    0.0000
  2.0045     0.00000311    0.0000
  2.0297     0.00000320    0.0000
  2.0553     0.00000328    0.0000
  2.0811     0.00000337    0.0000
  2.1073     0.00000347    0.0000
  2.1338     0.00000357    0.0000
  2.1607     0.00000366    0.0000
  2.1878     0.00000377    0.0000
  2.2154     0.00000387    0.0000
  2.2432     0.00000398    0.0000
  2.2715     0.00000409    0.0000
  2.3000     0.00000421    0.0000
  2.3290     0.00000432    0.0000
  2.3583     0.00000445    0.0000
  2.3879     0.00000457    0.0000
  2.4180     0.00000470    0.0000
  2.4484     0.00000483    0.0000
  2.4792     0.00000497    0.0000
  2.5104     0.00000511    0.0000
  2.5420     0.00000525    0.0000
  2.5739     0.00000540    0.0000
  2.6063     0.00000555    0.0000
  2.6391     0.00000571    0.0000
  2.6723     0.00000587    0.0000
  2.7059     0.00000604    0.0000
  2.7400     0.00000621    0.0000
  2.7744     0.00000639    0.0000
  2.8093     0.00000657    0.0000
  2.8447     0.00000676    0.0000
  2.8805     0.00000695    0.0000
  2.9167     0.00000715    0.0000
  2.9534     0.00000735    0.0000
  2.9905     0.00000756    0.0000
  3.0282     0.00000778    0.0000
  3.0663     0.00000800    0.0000
  3.1048     0.00000823    0.0000
  3.1439     0.00000847    0.0000
  3.1834     0.00000872    0.0000
  3.2235     0.00000897    0.0000
  3.2640     0.00000923    0.0000
  3.3051     0.00000949    0.0000
  3.3467     0.00000977    0.0000
  3.3888     0.00001005    0.0000
  3.4314     0.00001034    0.0000
  3.4746     0.00001064    0.0000
  3.5183     0.00001095    0.0000
  3.5625     0.00001127    0.0000
  3.6073     0.00001160    0.0000
  3.6527     0.00001194    0.0000
  3.6987     0.00001229    0.0000
  3.7452     0.00001265    0.0000
  3.7923     0.00001302    0.0000
  3.8400     0.00001341    0.0000
  3.8883     0.00001380    0.0000
  3.9372     0.00001421    0.0000
  3.9868     0.00001463    0.0000
  4.0369     0.00001506    0.0000
  4.0877     0.00001551    0.0000
  4.1391     0.00001597    0.0000
  4.1912     0.00001644    0.0000
  4.2439     0.00001693    0.0000
  4.2973     0.00001744    0.0000
  4.3514     0.00001796    0.0000
  4.4061     0.00001850    0.0000
  4.4615     0.00001906    0.0000
  4.5176     0.00001963    0.0000
  4.5745     0.00002022    0.0000
  4.6320     0.00002083    0.0000
  4.6903     0.00002147    0.0000
  4.7493     0.00002212    0.0000
  4.8090     0.00002279    0.0000
  4.8695     0.00002349    0.0000
  4.9308     0.00002420    0.0000
  4.9928     0.00002495    0.0000
  5.0556     0.00002571    0.0000
  5.1192     0.00002650    0.0000
  5.1836     0.00002732    0.0000
  5.2488     0.00002817    0.0000
  5.3148     0.00002904    0.0000
  5.3817     0.00002995    0.0000
  5.4494     0.00003088    0.0000
  5.5179     0.00003185    0.0000
  5.5873     0.00003284    0.0000
  5.6576     0.00003388    0.0000
  5.7288     0.00003495    0.0000
  5.8009     0.00003605    0.0000
  5.8738     0.00003719    0.0000
  5.9477     0.00003838    0.0000
  6.0225     0.00003960    0.0000
  6.0983     0.00004087    0.0000
  6.1750     0.00004218    0.0000
  6.2527     0.00004353    0.0000
  6.3313     0.00004494    0.0000
  6.4110     0.00004639    0.0000
  6.4916     0.00004790    0.0000
  6.5733     0.00004946    0.0000
  6.6560     0.00005107    0.0000
  6.7397     0.00005274    0.0000
  6.8245     0.00005447    0.0000
  6.9103     0.00005627    0.0000
  6.9972     0.00005813    0.0000
  7.0852     0.00006005    0.0000
  7.1744     0.00006205    0.0000
  7.2646     0.00006412    0.0000
  7.3560     0.00006626    0.0000
  7.4485     0.00006848    0.0000
  7.5422     0.00007078    0.0000
  7.6371     0.00007317    0.0000
  7.7332     0.00007565    0.0000
  7.8304     0.00007822    0.0000
  7.9289     0.00008088    0.0000
  8.0287     0.00008364    0.0000
  8.1297     0.00008650    0.0000
  8.2319     0.00008947    0.0000
  8.3355     0.00009255    0.0000
  8.4403     0.00009574    0.0000
  8.5465     0.00009906    0.0000
  8.6540     0.00010250    0.0000
  8.7629     0.00010606    0.0000
  8.8731     0.00010977    0.0000
  8.9847     0.00011361    0.0000
  9.0977     0.00011759    0.0000
  9.2122     0.00012173    0.0000
  9.3280     0.00012602    0.0000
  9.4454     0.00013048    0.0000
  9.5642     0.00013510    0.0000
  9.6845     0.00013990    0.0000
  9.8063     0.00014488    0.0000
  9.9297     0.00015006    0.0000
 10.0546     0.00015542    0.0000
 10.1810     0.00016100    0.0000
 10.3091     0.00016678    0.0000
 10.4388     0.00017279    0.0000
 10.5701     0.00017902    0.0000
 10.7031     0.00018550    0.0000
 10.8377     0.00019222    0.0000
 10.9740     0.00019920    0.0000
 11.1121     0.00020645    0.0000
 11.2518     0.00021397    0.0000
 11.3934     0.00022178    0.0000
 11.5367     0.00022989    0.0000
 11.6818     0.00023832    0.0000
 11.8287     0.00024706    0.0000
 11.9775     0.00025615    0.0000
 12.1282     0.00026558    0.0000
 12.2808     0.00027537    0.0000
 12.4352     0.00028554    0.0000
 12.5916     0.00029610    0.0000
 12.7500     0.00030707    0.0000
 12.9104     0.00031846    0.0000
 13.0728     0.00033028    0.0000
 13.2373     0.00034256    0.0000
 13.4038     0.00035532    0.0000
 13.5724     0.00036856    0.0000
 13.7431     0.00038231    0.0000
 13.9160     0.00039659    0.0000
 14.0910     0.00041142    0.0000
 14.2682     0.00042682    0.0000
 14.4477     0.00044282    0.0000
 14.6295     0.00045943    0.0000
 14.8135     0.00047667    0.0000
 14.9998     0.00049458    0.0000
 15.1885     0.00051318    0.0000
 15.3795     0.00053249    0.0000
 15.5730     0.00055254    0.0000
 15.7689     0.00057337    0.0000
 15.9672     0.00059499    0.0000
 16.1681     0.00061745    0.0000
 16.3715     0.00064077    0.0000
 16.5774     0.00066498    0.0000
 16.7859     0.00069012    0.0000
 16.9971     0.00071623    0.0000
 17.2109     0.00074334    0.0000
 17.4273     0.00077149    0.0000
 17.6466     0.00080072    0.0000
 17.8685     0.00083108    0.0000
 18.0933     0.00086259    0.0000
 18.3209     0.00089532    0.0000
 18.5513     0.00092930    0.0000
 18.7847     0.00096458    0.0000
 19.0210     0.00100122    0.0000
 19.2602     0.00103926    0.0000
 19.5025     0.00107876    0.0000
 19.7478     0.00111977    0.0000
 19.9962     0.00116235    0.0000
 20.2477     0.00120657    0.0000
 20.5024     0.00125248    0.0000
 20.7603     0.00130015    0.0000
 21.0215     0.00134964    0.0000
 21.2859     0.00140103    0.0000
 21.5536     0.00145438    0.0000
 21.8247     0.00150978    0.0000
 22.0993     0.00156730    0.0000
 22.3772     0.00162702    0.0000
 22.6587     0.00168903    0.0000
 22.9437     0.00175341    0.0000
 23.2323     0.00182026    0.0000
 23.5246     0.00188966    0.0000
 23.8205     0.00196172    0.0000
 24.1201     0.00203653    0.0000
 24.4235     0.00211421    0.0000
 24.7307     0.00219486    0.0000
 25.0418     0.00227860    0.0000
 25.3568     0.00236553    0.0000
 25.6757     0.00245580    0.0000
 25.9987     0.00254951    0.0000
 26.3257     0.00264681    0.0000
 26.6569     0.00274783    0.0000
 26.9922     0.00285271    0.0000
 27.3317     0.00296161    0.0000
 27.6755     0.00307466    0.0000
 28.0236     0.00319204    0.0000
 28.3761     0.00331391    0.0000
 28.7330     0.00344044    0.0000
 29.0945     0.00357181    0.0000
 29.4604     0.00370819    0.0000
 29.8310     0.00384980    0.0000
 30.2062     0.00399681    0.0000
 30.5862     0.00414945    0.0000
 30.9709     0.00430792    0.0000
 31.3605     0.00447245    0.0000
 31.7550     0.00464326    0.0000
 32.1544     0.00482061    0.0000
 32.5588     0.00500473    0.0000
 32.9684     0.00519590    0.0000
 33.3831     0.00539437    0.0000
 33.8030     0.00560042    0.0000
 34.2282     0.00581436    0.0000
 34.6587     0.00603646    0.0000
 35.0947     0.00626706    0.0000
 35.5361     0.00650647    0.0000
 35.9831     0.00675503    0.0000
 36.4357     0.00701309    0.0000
 36.8940     0.00728101    0.0000
 37.3581     0.00755918    0.0000
 37.8280     0.00784797    0.0000
 38.3038     0.00814780    0.0000
 38.7857     0.00845909    0.0000
 39.2735     0.00878227    0.0000
 39.7675     0.00911781    0.0000
 40.2677     0.00946617    0.0000
 40.7743     0.00982784    0.0000
 41.2871     0.01020334    0.0000
