  0.0000    -0.00003926    0.0000
  0.0101    -0.09362335    0.0000
  0.0201    -0.17199506    0.0000
  0.0301    -0.23731256    0.0000
  0.0403    -0.29122379    0.0000
  0.0505    -0.33460523    0.0000
  0.0602    -0.36655924    0.0000
  0.0700    -0.39061726    0.0000
  0.0804    -0.40809742    0.0000
  0.0900    -0.41775135    0.0000
  0.1008    -0.42191586    0.0000
  0.1100    -0.42050501    0.0000
  0.1201    -0.41429705    0.0000
  0.1311    -0.40260901    0.0000
  0.1413    -0.38771327    0.0000
  0.1505    -0.37154417    0.0000
  0.1602    -0.35172012    0.0000
  0.1705    -0.32803624    0.0000
  0.1816    -0.30031433    0.0000
  0.1909    -0.27513125    0.0000
  0.2007    -0.24721609    0.0000
  0.2110    -0.21653409    0.0000
  0.2218    -0.18307325    0.0000
  0.2303    -0.15616111    0.0000
  0.2421    -0.11788677    0.0000
  0.2514    -0.08742273    0.0000
  0.2610    -0.05549422    0.0000
  0.2710    -0.02215136    0.0000
  0.2814     0.01254442    0.0000
  0.2921     0.04851993    0.0000
  0.3033     0.08568994    0.0000
  0.3110     0.11108591    0.0000
  0.3229     0.15002392    0.0000
  0.3311     0.17649421    0.0000
  0.3437     0.21687183    0.0000
  0.3525     0.24417839    0.0000
  0.3614     0.27174437    0.0000
  0.3705     0.29952334    0.0000
  0.3847     0.34148399    0.0000
  0.3945     0.36957757    0.0000
  0.4045     0.39770429    0.0000
  0.4147     0.42580819    0.0000
  0.4252     0.45383147    0.0000
  0.4306     0.46779437    0.0000
  0.4415     0.49558476    0.0000
  0.4527     0.52314309    0.0000
  0.4641     0.55040641    0.0000
  0.4759     0.57731074    0.0000
  0.4819     0.59060805    0.0000
  0.4941     0.61685216    0.0000
  0.5003     0.62978255    0.0000
  0.5130     0.65521887    0.0000
  0.5260     0.68003440    0.0000
  0.5326     0.69218886    0.0000
  0.5461     0.71595036    0.0000
  0.5529     0.72754124    0.0000
  0.5669     0.75010323    0.0000
  0.5741     0.76105856    0.0000
  0.5813     0.77178643    0.0000
  0.5960     0.79252923    0.0000
  0.6035     0.80252923    0.0000
  0.6111     0.81227186    0.0000
  0.6266     0.83095667    0.0000
  0.6345     0.83988505    0.0000
  0.6425     0.84852851    0.0000
  0.6506     0.85688060    0.0000
  0.6670     0.87268584    0.0000
  0.6754     0.88012711    0.0000
  0.6839     0.88725326    0.0000
  0.6925     0.89405892    0.0000
  0.7013     0.90053896    0.0000
  0.7101     0.90668850    0.0000
  0.7281     0.91797790    0.0000
  0.7372     0.92310933    0.0000
  0.7465     0.92789344    0.0000
  0.7559     0.93232673    0.0000
  0.7654     0.93640600    0.0000
  0.7750     0.94012836    0.0000
  0.7848     0.94349121    0.0000
  0.7947     0.94649228    0.0000
  0.8047     0.94912962    0.0000
  0.8148     0.95140160    0.0000
  0.8250     0.95330692    0.0000
  0.8354     0.95484459    0.0000
  0.8459     0.95601397    0.0000
  0.8566     0.95681477    0.0000
  0.8674     0.95724701    0.0000
  0.8783     0.95731105    0.0000
  0.8893     0.95700762    0.0000
  0.9005     0.95633774    0.0000
  0.9118     0.95530281    0.0000
  0.9233     0.95390454    0.0000
  0.9349     0.95214498    0.0000
  0.9467     0.95002654    0.0000
  0.9586     0.94755192    0.0000
  0.9707     0.94472417    0.0000
  0.9829     0.94154666    0.0000
  0.9953     0.93802308    0.0000
  1.0078     0.93415742    0.0000
  1.0205     0.92995401    0.0000
  1.0333     0.92541746    0.0000
  1.0463     0.92055267    0.0000
  1.0595     0.91536485    0.0000
  1.0728     0.90985949    0.0000
  1.0863     0.90404234    0.0000
  1.1000     0.89791944    0.0000
  1.1138     0.89149708    0.0000
  1.1278     0.88478180    0.0000
  1.1420     0.87778037    0.0000
  1.1564     0.87049982    0.0000
  1.1709     0.86294736    0.0000
  1.1857     0.85513044    0.0000
  1.2006     0.84705670    0.0000
  1.2157     0.83873397    0.0000
  1.2310     0.83017027    0.0000
  1.2465     0.82137378    0.0000
  1.2621     0.81235287    0.0000
  1.2780     0.80311601    0.0000
  1.2941     0.79367185    0.0000
  1.3104     0.78402914    0.0000
  1.3269     0.77419677    0.0000
  1.3436     0.76418370    0.0000
  1.3605     0.75399901    0.0000
  1.3776     0.74365186    0.0000
  1.3949     0.73315145    0.0000
  1.4125     0.72250706    0.0000
  1.4302     0.71172801    0.0000
  1.4482     0.70082365    0.0000
  1.4665     0.68980337    0.0000
  1.4849     0.67867654    0.0000
  1.5036     0.66745255    0.0000
  1.5225     0.65614077    0.0000
  1.5417     0.64475056    0.0000
  1.5611     0.63329122    0.0000
  1.5807     0.62177202    0.0000
  1.6006     0.61020218    0.0000
  1.6207     0.59859086    0.0000
  1.6411     0.58694710    0.0000
  1.6618     0.57527991    0.0000
  1.6827     0.56359817    0.0000
  1.7038     0.55191066    0.0000
  1.7253     0.54022605    0.0000
  1.7470     0.52855286    0.0000
  1.7689     0.51689952    0.0000
  1.7912     0.50527428    0.0000
  1.8137     0.49368526    0.0000
  1.8366     0.48214040    0.0000
  1.8597     0.47064750    0.0000
  1.8831     0.45921416    0.0000
  1.9067     0.44784781    0.0000
  1.9307     0.43655569    0.0000
  1.9550     0.42534484    0.0000
  1.9796     0.41422211    0.0000
  2.0045     0.40319413    0.0000
  2.0297     0.39226732    0.0000
  2.0553     0.38144787    0.0000
  2.0811     0.37074178    0.0000
  2.1073     0.36015478    0.0000
  2.1338     0.34969240    0.0000
  2.1607     0.33935991    0.0000
  2.1878     0.32916235    0.0000
  2.2154     0.31910451    0.0000
  2.2432     0.30919096    0.0000
  2.2715     0.29942599    0.0000
  2.3000     0.28981365    0.0000
  2.3290     0.28035774    0.0000
  2.3583     0.27106181    0.0000
  2.3879     0.26192916    0.0000
  2.4180     0.25296282    0.0000
  2.4484     0.24416557    0.0000
  2.4792     0.23553996    0.0000
  2.5104     0.22708825    0.0000
  2.5420     0.21881247    0.0000
  2.5739     0.21071440    0.0000
  2.6063     0.20279556    0.0000
  2.6391     0.19505724    0.0000
  2.6723     0.18750048    0.0000
  2.7059     0.18012606    0.0000
  2.7400     0.17293457    0.0000
  2.7744     0.16592631    0.0000
  2.8093     0.15910139    0.0000
  2.8447     0.15245970    0.0000
  2.8805     0.14600087    0.0000
  2.9167     0.13972436    0.0000
  2.9534     0.13362940    0.0000
  2.9905     0.12771502    0.0000
  3.0282     0.12198006    0.0000
  3.0663     0.11642315    0.0000
  3.1048     0.11104276    0.0000
  3.1439     0.10583717    0.0000
  3.1834     0.10080450    0.0000
  3.2235     0.09594270    0.0000
  3.2640     0.09124957    0.0000
  3.3051     0.08672275    0.0000
  3.3467     0.08235976    0.0000
  3.3888     0.07815797    0.0000
  3.4314     0.07411465    0.0000
  3.4746     0.07022694    0.0000
  3.5183     0.06649187    0.0000
  3.5625     0.06290638    0.0000
  3.6073     0.05946732    0.0000
  3.6527     0.05617146    0.0000
  3.6987     0.05301548    0.0000
  3.7452     0.04999601    0.0000
  3.7923     0.04710963    0.0000
  3.8400     0.04435286    0.0000
  3.8883     0.04172218    0.0000
  3.9372     0.03921404    0.0000
  3.9868     0.03682487    0.0000
  4.0369     0.03455108    0.0000
  4.0877     0.03238906    0.0000
  4.1391     0.03033521    0.0000
  4.1912     0.02838593    0.0000
  4.2439     0.02653764    0.0000
  4.2973     0.02478677    0.0000
  4.3514     0.02312978    0.0000
  4.4061     0.02156314    0.0000
  4.4615     0.02008339    0.0000
  4.5176     0.01868709    0.0000
  4.5745     0.01737085    0.0000
  4.6320     0.01613133    0.0000
  4.6903     0.01496526    0.0000
  4.7493     0.01386942    0.0000
  4.8090     0.01284065    0.0000
  4.8695     0.01187587    0.0000
  4.9308     0.01097206    0.0000
  4.9928     0.01012628    0.0000
  5.0556     0.00933567    0.0000
  5.1192     0.00859745    0.0000
  5.1836     0.00790891    0.0000
  5.2488     0.00726743    0.0000
  5.3148     0.00667047    0.0000
  5.3817     0.00611559    0.0000
  5.4494     0.00560042    0.0000
  5.5179     0.00512269    0.0000
  5.5873     0.00468019    0.0000
  5.6576     0.00427082    0.0000
  5.7288     0.00389257    0.0000
  5.8009     0.00354349    0.0000
  5.8738     0.00322174    0.0000
  5.9477     0.00292555    0.0000
  6.0225     0.00265324    0.0000
  6.0983     0.00240321    0.0000
  6.1750     0.00217393    0.0000
  6.2527     0.00196395    0.0000
  6.3313     0.00177191    0.0000
  6.4110     0.00159650    0.0000
  6.4916     0.00143652    0.0000
  6.5733     0.00129080    0.0000
  6.6560     0.00115825    0.0000
  6.7397     0.00103786    0.0000
  6.8245     0.00092866    0.0000
  6.9103     0.00082976    0.0000
  6.9972     0.00074031    0.0000
  7.0852     0.00065954    0.0000
  7.1744     0.00058670    0.0000
  7.2646     0.00052113    0.0000
  7.3560     0.00046218    0.0000
  7.4485     0.00040926    0.0000
  7.5422     0.00036184    0.0000
  7.6371     0.00031941    0.0000
  7.7332     0.00028150    0.0000
  7.8304     0.00024770    0.0000
  7.9289     0.00021759    0.0000
  8.0287     0.00019083    0.0000
  8.1297     0.00016708    0.0000
  8.2319     0.00014604    0.0000
  8.3355     0.00012743    0.0000
  8.4403     0.00011100    0.0000
  8.5465     0.00009651    0.0000
  8.6540     0.00008377    0.0000
  8.7629     0.00007258    0.0000
  8.8731     0.00006277    0.0000
  8.9847     0.00005418    0.0000
  9.0977     0.00004669    0.0000
  9.2122     0.00004015    0.0000
  9.3280     0.00003446    0.0000
  9.4454     0.00002952    0.0000
  9.5642     0.00002524    0.0000
  9.6845     0.00002154    0.0000
  9.8063     0.00001834    0.0000
  9.9297     0.00001559    0.0000
 10.0546     0.00001322    0.0000
 10.1810     0.00001119    0.0000
 10.3091     0.00000945    0.0000
 10.4388     0.00000797    0.0000
 10.5701     0.00000670    0.0000
 10.7031     0.00000562    0.0000
 10.8377     0.00000471    0.0000
 10.9740     0.00000393    0.0000
 11.1121     0.00000328    0.0000
 11.2518     0.00000273    0.0000
 11.3934     0.00000226    0.0000
 11.5367     0.00000187    0.0000
 11.6818     0.00000155    0.0000
 11.8287     0.00000127    0.0000
 11.9775     0.00000105    0.0000
 12.1282     0.00000086    0.0000
 12.2808     0.00000070    0.0000
 12.4352     0.00000057    0.0000
 12.5916     0.00000047    0.0000
 12.7500     0.00000038    0.0000
 12.9104     0.00000031    0.0000
 13.0728     0.00000025    0.0000
 13.2373     0.00000020    0.0000
 13.4038     0.00000016    0.0000
 13.5724     0.00000013    0.0000
 13.7431     0.00000010    0.0000
 13.9160     0.00000008    0.0000
 14.0910     0.00000006    0.0000
 14.2682     0.00000005    0.0000
 14.4477     0.00000004    0.0000
 14.6295     0.00000003    0.0000
 14.8135     0.00000002    0.0000
 14.9998     0.00000002    0.0000
 15.1885     0.00000002    0.0000
 15.3795     0.00000001    0.0000
 15.5730     0.00000001    0.0000
 15.7689     0.00000001    0.0000
 15.9672     0.00000001    0.0000
 16.1681     0.00000000    0.0000
 16.3715     0.00000000    0.0000
 16.5774     0.00000000    0.0000
 16.7859     0.00000000    0.0000
 16.9971     0.00000000    0.0000
 17.2109     0.00000000    0.0000
 17.4273     0.00000000    0.0000
 17.6466     0.00000000    0.0000
 17.8685     0.00000000    0.0000
 18.0933     0.00000000    0.0000
 18.3209     0.00000000    0.0000
 18.5513     0.00000000    0.0000
 18.7847     0.00000000    0.0000
 19.0210     0.00000000    0.0000
 19.2602     0.00000000    0.0000
 19.5025     0.00000000    0.0000
 19.7478     0.00000000    0.0000
 19.9962     0.00000000    0.0000
 20.2477     0.00000000    0.0000
 20.5024     0.00000000    0.0000
 20.7603     0.00000000    0.0000
 21.0215     0.00000000    0.0000
 21.2859     0.00000000    0.0000
 21.5536     0.00000000    0.0000
 21.8247     0.00000000    0.0000
 22.0993     0.00000000    0.0000
 22.3772     0.00000000    0.0000
 22.6587     0.00000000    0.0000
 22.9437     0.00000000    0.0000
 23.2323     0.00000000    0.0000
 23.5246     0.00000000    0.0000
 23.8205     0.00000000    0.0000
 24.1201     0.00000000    0.0000
 24.4235     0.00000000    0.0000
 24.7307     0.00000000    0.0000
 25.0418     0.00000000    0.0000
 25.3568     0.00000000    0.0000
 25.6757     0.00000000    0.0000
 25.9987     0.00000000    0.0000
 26.3257     0.00000000    0.0000
 26.6569     0.00000000    0.0000
 26.9922     0.00000000    0.0000
 27.3317     0.00000000    0.0000
 27.6755     0.00000000    0.0000
 28.0236     0.00000000    0.0000
 28.3761     0.00000000    0.0000
 28.7330     0.00000000    0.0000
 29.0945     0.00000000    0.0000
 29.4604     0.00000000    0.0000
 29.8310     0.00000000    0.0000
 30.2062     0.00000000    0.0000
 30.5862     0.00000000    0.0000
 30.9709     0.00000000    0.0000
 31.3605     0.00000000    0.0000
 31.7550     0.00000000    0.0000
 32.1544     0.00000000    0.0000
 32.5588     0.00000000    0.0000
 32.9684     0.00000000    0.0000
 33.3831     0.00000000    0.0000
 33.8030     0.00000000    0.0000
 34.2282     0.00000000    0.0000
 34.6587     0.00000000    0.0000
 35.0947     0.00000000    0.0000
 35.5361     0.00000000    0.0000
 35.9831     0.00000000    0.0000
 36.4357     0.00000000    0.0000
 36.8940     0.00000000    0.0000
 37.3581     0.00000000    0.0000
 37.8280     0.00000000    0.0000
 38.3038     0.00000000    0.0000
 38.7857     0.00000000    0.0000
 39.2735     0.00000000    0.0000
 39.7675     0.00000000    0.0000
 40.2677     0.00000000    0.0000
 40.7743     0.00000000    0.0000
 41.2871     0.00000000    0.0000
