    0.0000038974              0.00000           0.00000           0.00000
    0.0000078437              0.00000           0.00000           0.00000
    0.0000118398              0.00000           0.00000           0.00000
    0.0000158860              0.00000           0.00000           0.00000
    0.0000199832              0.00000           0.00000           0.00000
    0.0000241319              0.00000           0.00000           0.00000
    0.0000283328              0.00000           0.00000           0.00000
    0.0000325866              0.00000           0.00000           0.00000
    0.0000368938              0.00000           0.00001           0.00000
    0.0000412553              0.00000           0.00001           0.00001
    0.0000456715              0.00000           0.00001           0.00001
    0.0000501434              0.00000           0.00001           0.00001
    0.0000546715              0.00000           0.00001           0.00001
    0.0000592565              0.00000           0.00001           0.00001
    0.0000638992              0.00000           0.00002           0.00001
    0.0000686003              0.00000           0.00002           0.00002
    0.0000733606              0.00000           0.00002           0.00002
    0.0000781807              0.00000           0.00002           0.00002
    0.0000830614              0.00000           0.00003           0.00003
    0.0000880036              0.00000           0.00003           0.00003
    0.0000930079              0.00000           0.00003           0.00003
    0.0000980751              0.00000           0.00004           0.00004
    0.0001032061              0.00000           0.00004           0.00004
    0.0001084017              0.00000           0.00005           0.00004
    0.0001136625              0.00000           0.00005           0.00005
    0.0001189896              0.00000           0.00005           0.00005
    0.0001243837              0.00000           0.00006           0.00006
    0.0001298456              0.00000           0.00007           0.00006
    0.0001353762              0.00000           0.00007           0.00007
    0.0001409764              0.00000           0.00008           0.00007
    0.0001466470              0.00000           0.00008           0.00008
    0.0001523889              0.00000           0.00009           0.00009
    0.0001582031              0.00000           0.00010           0.00009
    0.0001640904              0.00000           0.00010           0.00010
    0.0001700518              0.00000           0.00011           0.00011
    0.0001760881              0.00000           0.00012           0.00011
    0.0001822004              0.00000           0.00013           0.00012
    0.0001883896              0.00000           0.00014           0.00013
    0.0001946566              0.00000           0.00015           0.00014
    0.0002010024              0.00000           0.00016           0.00015
    0.0002074281              0.00000           0.00017           0.00016
    0.0002139345              0.00000           0.00018           0.00017
    0.0002205229              0.00000           0.00019           0.00018
    0.0002271941              0.00000           0.00020           0.00019
    0.0002339492              0.00000           0.00021           0.00020
    0.0002407892              0.00000           0.00022           0.00021
    0.0002477154              0.00000           0.00024           0.00022
    0.0002547286              0.00000           0.00025           0.00024
    0.0002618300              0.00000           0.00026           0.00025
    0.0002690208              0.00000           0.00028           0.00026
    0.0002763020              0.00000           0.00029           0.00028
    0.0002836749              0.00000           0.00031           0.00029
    0.0002911404              0.00000           0.00033           0.00031
    0.0002986999              0.00000           0.00034           0.00033
    0.0003063544              0.00000           0.00036           0.00034
    0.0003141052              0.00000           0.00038           0.00036
    0.0003219535              0.00000           0.00040           0.00038
    0.0003299006              0.00000           0.00042           0.00040
    0.0003379476              0.00000           0.00044           0.00042
    0.0003460958              0.00000           0.00046           0.00044
    0.0003543465              0.00000           0.00048           0.00046
    0.0003627010              0.00000           0.00051           0.00048
    0.0003711605              0.00000           0.00053           0.00050
    0.0003797265              0.00000           0.00056           0.00053
    0.0003884003              0.00000           0.00058           0.00055
    0.0003971831              0.00000           0.00061           0.00058
    0.0004060764              0.00000           0.00064           0.00060
    0.0004150816              0.00000           0.00066           0.00063
    0.0004242000              0.00000           0.00069           0.00066
    0.0004334331              0.00000           0.00072           0.00069
    0.0004427824              0.00000           0.00075           0.00072
    0.0004522493              0.00000           0.00079           0.00075
    0.0004618353              0.00000           0.00082           0.00078
    0.0004715418              0.00000           0.00086           0.00081
    0.0004813704              0.00000           0.00089           0.00085
    0.0004913227              0.00000           0.00093           0.00088
    0.0005014001              0.00000           0.00097           0.00092
    0.0005116043              0.00000           0.00101           0.00095
    0.0005219368              0.00000           0.00105           0.00099
    0.0005323994              0.00000           0.00109           0.00103
    0.0005429935              0.00000           0.00113           0.00107
    0.0005537208              0.00000           0.00118           0.00112
    0.0005645832              0.00000           0.00123           0.00116
    0.0005755821              0.00000           0.00127           0.00121
    0.0005867194              0.00000           0.00132           0.00125
    0.0005979968              0.00000           0.00137           0.00130
    0.0006094160              0.00000           0.00143           0.00135
    0.0006209789              0.00000           0.00148           0.00140
    0.0006326872              0.00000           0.00154           0.00146
    0.0006445428              0.00000           0.00159           0.00151
    0.0006565475              0.00000           0.00165           0.00157
    0.0006687032              0.00000           0.00172           0.00163
    0.0006810118              0.00000           0.00178           0.00169
    0.0006934752              0.00000           0.00184           0.00175
    0.0007060954              0.00000           0.00191           0.00181
    0.0007188744              0.00000           0.00198           0.00188
    0.0007318140              0.00000           0.00205           0.00195
    0.0007449165              0.00000           0.00213           0.00202
    0.0007581837              0.00000           0.00220           0.00209
    0.0007716179              0.00000           0.00228           0.00216
    0.0007852210              0.00000           0.00236           0.00224
    0.0007989952              0.00000           0.00244           0.00232
    0.0008129427              0.00000           0.00253           0.00240
    0.0008270656              0.00000           0.00262           0.00248
    0.0008413662              0.00000           0.00271           0.00257
    0.0008558466              0.00000           0.00280           0.00266
    0.0008705092              0.00000           0.00290           0.00275
    0.0008853562              0.00000           0.00300           0.00284
    0.0009003900              0.00000           0.00310           0.00294
    0.0009156129              0.00000           0.00320           0.00304
    0.0009310272              0.00000           0.00331           0.00314
    0.0009466354              0.00000           0.00342           0.00324
    0.0009624400              0.00000           0.00354           0.00335
    0.0009784434              0.00000           0.00366           0.00346
    0.0009946480              0.00000           0.00378           0.00358
    0.0010110565              0.00000           0.00390           0.00370
    0.0010276714              0.00000           0.00403           0.00382
    0.0010444953              0.00000           0.00416           0.00394
    0.0010615308              0.00000           0.00430           0.00407
    0.0010787805              0.00000           0.00444           0.00420
    0.0010962473              0.00000           0.00458           0.00434
    0.0011139337              0.00000           0.00473           0.00448
    0.0011318427              0.00000           0.00488           0.00462
    0.0011499768              0.00000           0.00504           0.00477
    0.0011683391              0.00000           0.00520           0.00492
    0.0011869324              0.00000           0.00536           0.00508
    0.0012057595              0.00000           0.00553           0.00524
    0.0012248235              0.00000           0.00571           0.00541
    0.0012441272              0.00000           0.00588           0.00558
    0.0012636738              0.00000           0.00607           0.00575
    0.0012834662              0.00000           0.00626           0.00593
    0.0013035076              0.00000           0.00645           0.00612
    0.0013238010              0.00000           0.00665           0.00631
    0.0013443497              0.00000           0.00686           0.00650
    0.0013651569              0.00000           0.00707           0.00670
    0.0013862259              0.00000           0.00729           0.00691
    0.0014075598              0.00000           0.00751           0.00712
    0.0014291621              0.00000           0.00774           0.00734
    0.0014510361              0.00000           0.00798           0.00756
    0.0014731852              0.00000           0.00822           0.00779
    0.0014956130              0.00000           0.00847           0.00803
    0.0015183228              0.00000           0.00873           0.00827
    0.0015413183              0.00000           0.00899           0.00852
    0.0015646031              0.00000           0.00926           0.00877
    0.0015881807              0.00000           0.00954           0.00904
    0.0016120549              0.00000           0.00982           0.00931
    0.0016362294              0.00000           0.01011           0.00959
    0.0016607080              0.00000           0.01042           0.00987
    0.0016854945              0.00000           0.01072           0.01016
    0.0017105928              0.00000           0.01104           0.01046
    0.0017360068              0.00000           0.01137           0.01077
    0.0017617404              0.00000           0.01170           0.01109
    0.0017877977              0.00000           0.01205           0.01142
    0.0018141828              0.00000           0.01240           0.01175
    0.0018408998              0.00000           0.01276           0.01209
    0.0018679528              0.00000           0.01313           0.01245
    0.0018953461              0.00000           0.01352           0.01281
    0.0019230840              0.00000           0.01391           0.01318
    0.0019511708              0.00000           0.01431           0.01356
    0.0019796108              0.00000           0.01472           0.01395
    0.0020084086              0.00000           0.01515           0.01436
    0.0020375687              0.00000           0.01558           0.01477
    0.0020670955              0.00000           0.01603           0.01519
    0.0020969937              0.00000           0.01649           0.01563
    0.0021272680              0.00000           0.01696           0.01608
    0.0021579231              0.00000           0.01745           0.01653
    0.0021889638              0.00000           0.01794           0.01700
    0.0022203949              0.00000           0.01845           0.01749
    0.0022522214              0.00000           0.01898           0.01798
    0.0022844482              0.00000           0.01951           0.01849
    0.0023170804              0.00000           0.02006           0.01901
    0.0023501230              0.00000           0.02063           0.01955
    0.0023835813              0.00000           0.02121           0.02010
    0.0024174604              0.00000           0.02180           0.02066
    0.0024517657              0.00000           0.02242           0.02124
    0.0024865025              0.00000           0.02304           0.02184
    0.0025216762              0.00000           0.02369           0.02245
    0.0025572923              0.00000           0.02435           0.02307
    0.0025933564              0.00000           0.02502           0.02371
    0.0026298742              0.00000           0.02572           0.02437
    0.0026668513              0.00000           0.02643           0.02505
    0.0027042935              0.00000           0.02716           0.02574
    0.0027422067              0.00000           0.02791           0.02645
    0.0027805968              0.00000           0.02868           0.02718
    0.0028194697              0.00000           0.02947           0.02793
    0.0028588317              0.00000           0.03028           0.02869
    0.0028986887              0.00000           0.03111           0.02948
    0.0029390471              0.00000           0.03196           0.03029
    0.0029799131              0.00000           0.03284           0.03112
    0.0030212931              0.00000           0.03373           0.03197
    0.0030631937              0.00000           0.03465           0.03284
    0.0031056213              0.00000           0.03559           0.03373
    0.0031485825              0.00000           0.03656           0.03465
    0.0031920842              0.00000           0.03755           0.03558
    0.0032361330              0.00000           0.03857           0.03655
    0.0032807359              0.00000           0.03961           0.03754
    0.0033258999              0.00000           0.04068           0.03855
    0.0033716319              0.00000           0.04177           0.03959
    0.0034179392              0.00000           0.04290           0.04065
    0.0034648289              0.00000           0.04405           0.04174
    0.0035123084              0.00000           0.04523           0.04286
    0.0035603852              0.00000           0.04644           0.04401
    0.0036090667              0.00000           0.04768           0.04519
    0.0036583605              0.00000           0.04895           0.04639
    0.0037082744              0.00000           0.05026           0.04763
    0.0037588161              0.00000           0.05160           0.04890
    0.0038099935              0.00000           0.05297           0.05020
    0.0038618147              0.00000           0.05437           0.05153
    0.0039142877              0.00000           0.05581           0.05289
    0.0039674208              0.00000           0.05729           0.05429
    0.0040212221              0.00000           0.05880           0.05573
    0.0040757002              0.00000           0.06036           0.05720
    0.0041308636              0.00000           0.06195           0.05871
    0.0041867208              0.00000           0.06358           0.06025
    0.0042432806              0.00000           0.06525           0.06183
    0.0043005519              0.00000           0.06696           0.06345
    0.0043585435              0.00000           0.06871           0.06512
    0.0044172646              0.00000           0.07051           0.06682
    0.0044767243              0.00000           0.07235           0.06857
    0.0045369320              0.00000           0.07424           0.07036
    0.0045978969              0.00000           0.07617           0.07219
    0.0046596287              0.00000           0.07816           0.07407
    0.0047221369              0.00000           0.08019           0.07599
    0.0047854315              0.00000           0.08227           0.07796
    0.0048495222              0.00000           0.08440           0.07998
    0.0049144190              0.00000           0.08658           0.08205
    0.0049801321              0.00000           0.08882           0.08417
    0.0050466718              0.00000           0.09111           0.08635
    0.0051140485              0.00000           0.09346           0.08857
    0.0051822727              0.00000           0.09587           0.09085
    0.0052513550              0.00000           0.09833           0.09319
    0.0053213063              0.00000           0.10086           0.09558
    0.0053921374              0.00000           0.10344           0.09803
    0.0054638595              0.00000           0.10609           0.10054
    0.0055364838              0.00000           0.10880           0.10311
    0.0056100215              0.00000           0.11158           0.10574
    0.0056844843              0.00000           0.11443           0.10844
    0.0057598836              0.00000           0.11734           0.11120
    0.0058362314              0.00000           0.12033           0.11403
    0.0059135395              0.00000           0.12338           0.11693
    0.0059918201              0.00000           0.12651           0.11989
    0.0060710852              0.00000           0.12972           0.12293
    0.0061513474              0.00000           0.13300           0.12604
    0.0062326192              0.00000           0.13636           0.12922
    0.0063149133              0.00000           0.13980           0.13249
    0.0063982425              0.00000           0.14332           0.13582
    0.0064826198              0.00000           0.14693           0.13924
    0.0065680585              0.00000           0.15062           0.14274
    0.0066545718              0.00000           0.15440           0.14632
    0.0067421734              0.00000           0.15827           0.14999
    0.0068308769              0.00000           0.16223           0.15375
    0.0069206961              0.00000           0.16629           0.15759
    0.0070116451              0.00000           0.17044           0.16152
    0.0071037381              0.00000           0.17469           0.16555
    0.0071969895              0.00000           0.17904           0.16967
    0.0072914138              0.00000           0.18349           0.17389
    0.0073870259              0.00000           0.18805           0.17821
    0.0074838406              0.00000           0.19271           0.18263
    0.0075818730              0.00000           0.19748           0.18715
    0.0076811386              0.00000           0.20237           0.19178
    0.0077816528              0.00000           0.20736           0.19652
    0.0078834313              0.00000           0.21248           0.20136
    0.0079864900              0.00000           0.21771           0.20632
    0.0080908451              0.00000           0.22307           0.21140
    0.0081965127              0.00000           0.22854           0.21659
    0.0083035095              0.00000           0.23415           0.22190
    0.0084118522              0.00000           0.23988           0.22734
    0.0085215576              0.00000           0.24575           0.23290
    0.0086326430              0.00000           0.25175           0.23858
    0.0087451256              0.00000           0.25789           0.24440
    0.0088590231              0.00000           0.26417           0.25035
    0.0089743533              0.00000           0.27059           0.25644
    0.0090911341              0.00000           0.27717           0.26267
    0.0092093838              0.00000           0.28389           0.26904
    0.0093291210              0.00000           0.29076           0.27555
    0.0094503642              0.00000           0.29779           0.28221
    0.0095731325              0.00000           0.30498           0.28903
    0.0096974451              0.00000           0.31233           0.29599
    0.0098233213              0.00000           0.31984           0.30312
    0.0099507808              0.00000           0.32753           0.31040
    0.0100798436              0.00000           0.33539           0.31785
    0.0102105298              0.00000           0.34343           0.32547
    0.0103428598              0.00000           0.35164           0.33325
    0.0104768543              0.00000           0.36004           0.34121
    0.0106125343              0.00000           0.36863           0.34935
    0.0107499209              0.00000           0.37740           0.35767
    0.0108890356              0.00000           0.38637           0.36617
    0.0110299001              0.00000           0.39554           0.37486
    0.0111725366              0.00000           0.40492           0.38374
    0.0113169671              0.00000           0.41450           0.39282
    0.0114632144              0.00000           0.42429           0.40210
    0.0116113013              0.00000           0.43429           0.41158
    0.0117612508              0.00000           0.44451           0.42127
    0.0119130865              0.00000           0.45496           0.43118
    0.0120668320              0.00000           0.46564           0.44129
    0.0122225114              0.00000           0.47654           0.45163
    0.0123801491              0.00000           0.48768           0.46219
    0.0125397695              0.00000           0.49907           0.47298
    0.0127013978              0.00000           0.51070           0.48400
    0.0128650590              0.00000           0.52257           0.49526
    0.0130307789              0.00000           0.53471           0.50676
    0.0131985833              0.00000           0.54710           0.51850
    0.0133684984              0.00000           0.55976           0.53050
    0.0135405508              0.00000           0.57268           0.54275
    0.0137147673              0.00000           0.58588           0.55526
    0.0138911752              0.00000           0.59936           0.56804
    0.0140698020              0.00000           0.61312           0.58108
    0.0142506757              0.00000           0.62717           0.59440
    0.0144338245              0.00000           0.64152           0.60800
    0.0146192770              0.00000           0.65617           0.62188
    0.0148070622              0.00000           0.67112           0.63605
    0.0149972095              0.00000           0.68638           0.65051
    0.0151897485              0.00000           0.70195           0.66528
    0.0153847094              0.00000           0.71785           0.68035
    0.0155821226              0.00000           0.73408           0.69572
    0.0157820189              0.00000           0.75063           0.71142
    0.0159844296              0.00000           0.76753           0.72743
    0.0161893864              0.00000           0.78477           0.74377
    0.0163969211              0.00000           0.80235           0.76044
    0.0166070664              0.00000           0.82030           0.77745
    0.0168198549              0.00000           0.83860           0.79480
    0.0170353200              0.00000           0.85727           0.81250
    0.0172534953              0.00000           0.87632           0.83055
    0.0174744149              0.00000           0.89574           0.84896
    0.0176981134              0.00000           0.91555           0.86774
    0.0179246256              0.00000           0.93575           0.88688
    0.0181539870              0.00000           0.95634           0.90641
    0.0183862334              0.00000           0.97734           0.92631
    0.0186214011              0.00000           0.99875           0.94661
    0.0188595268              0.00000           1.02057           0.96729
    0.0191006478              0.00000           1.04282           0.98838
    0.0193448018              0.00000           1.06549           1.00987
    0.0195920268              0.00000           1.08860           1.03178
    0.0198423615              0.00000           1.11215           1.05410
    0.0200958450              0.00000           1.13614           1.07685
    0.0203525170              0.00000           1.16059           1.10003
    0.0206124175              0.00000           1.18550           1.12364
    0.0208755872              0.00000           1.21088           1.14770
    0.0211420671              0.00000           1.23672           1.17220
    0.0214118989              0.00000           1.26305           1.19716
    0.0216851248              0.00000           1.28986           1.22258
    0.0219617874              0.00000           1.31716           1.24846
    0.0222419301              0.00000           1.34496           1.27482
    0.0225255965              0.00000           1.37327           1.30165
    0.0228128310              0.00000           1.40208           1.32897
    0.0231036784              0.00000           1.43141           1.35677
    0.0233981843              0.00000           1.46126           1.38508
    0.0236963946              0.00000           1.49165           1.41388
    0.0239983559              0.00000           1.52256           1.44320
    0.0243041154              0.00000           1.55402           1.47302
    0.0246137209              0.00000           1.58603           1.50337
    0.0249272207              0.00000           1.61858           1.53424
    0.0252446639              0.00000           1.65170           1.56564
    0.0255661001              0.00000           1.68538           1.59757
    0.0258915794              0.00000           1.71963           1.63005
    0.0262211527              0.00000           1.75446           1.66307
    0.0265548716              0.00000           1.78987           1.69665
    0.0268927881              0.00000           1.82586           1.73078
    0.0272349551              0.00000           1.86245           1.76547
    0.0275814260              0.00000           1.89963           1.80073
    0.0279322550              0.00000           1.93742           1.83657
    0.0282874969              0.00000           1.97581           1.87297
    0.0286472071              0.00000           2.01482           1.90996
    0.0290114420              0.00000           2.05444           1.94754
    0.0293802584              0.00000           2.09468           1.98570
    0.0297537139              0.00000           2.13555           2.02445
    0.0301318669              0.00000           2.17704           2.06381
    0.0305147765              0.00000           2.21917           2.10376
    0.0309025025              0.00000           2.26193           2.14432
    0.0312951055              0.00000           2.30533           2.18548
    0.0316926468              0.00000           2.34938           2.22726
    0.0320951886              0.00000           2.39407           2.26964
    0.0325027937              0.00000           2.43940           2.31265
    0.0329155259              0.00000           2.48539           2.35627
    0.0333334496              0.00000           2.53203           2.40051
    0.0337566301              0.00000           2.57933           2.44537
    0.0341851336              0.00000           2.62728           2.49086
    0.0346190270              0.00000           2.67589           2.53697
    0.0350583781              0.00000           2.72515           2.58370
    0.0355032556              0.00000           2.77507           2.63106
    0.0359537289              0.00000           2.82565           2.67905
    0.0364098685              0.00000           2.87689           2.72766
    0.0368717456              0.00000           2.92879           2.77690
    0.0373394325              0.00000           2.98134           2.82676
    0.0378130021              0.00000           3.03454           2.87724
    0.0382925284              0.00000           3.08840           2.92835
    0.0387780865              0.00000           3.14291           2.98007
    0.0392697522              0.00000           3.19807           3.03241
    0.0397676022              0.00000           3.25387           3.08536
    0.0402717144              0.00000           3.31031           3.13892
    0.0407821676              0.00000           3.36738           3.19308
    0.0412990414              0.00000           3.42509           3.24785
    0.0418224168              0.00000           3.48342           3.30321
    0.0423523754              0.00000           3.54238           3.35917
    0.0428890001              0.00000           3.60194           3.41571
    0.0434323746              0.00000           3.66211           3.47282
    0.0439825840              0.00000           3.72289           3.53051
    0.0445397142              0.00000           3.78425           3.58876
    0.0451038521              0.00000           3.84619           3.64756
    0.0456750861              0.00000           3.90870           3.70692
    0.0462535053              0.00000           3.97178           3.76680
    0.0468392002              0.00000           4.03541           3.82721
    0.0474322621              0.00000           4.09957           3.88814
    0.0480327839              0.00000           4.16427           3.94957
    0.0486408593              0.00000           4.22947           4.01149
    0.0492565834              0.00000           4.29518           4.07389
    0.0498800523              0.00000           4.36137           4.13676
    0.0505113634              0.00000           4.42803           4.20007
    0.0511506155              0.00000           4.49515           4.26382
    0.0517979084              0.00000           4.56271           4.32799
    0.0524533433              0.00000           4.63068           4.39257
    0.0531170225              0.00000           4.69906           4.45752
    0.0537890497              0.00000           4.76781           4.52285
    0.0544695300              0.00000           4.83693           4.58852
    0.0551585697              0.00000           4.90639           4.65452
    0.0558562765              0.00000           4.97617           4.72083
    0.0565627593              0.00000           5.04625           4.78743
    0.0572781286              0.00000           5.11660           4.85429
    0.0580024961              0.00000           5.18719           4.92139
    0.0587359751              0.00000           5.25801           4.98871
    0.0594786800              0.00000           5.32903           5.05622
    0.0602307271              0.00000           5.40022           5.12390
    0.0609922337              0.00000           5.47155           5.19172
    0.0617633190              0.00000           5.54299           5.25965
    0.0625441032              0.00000           5.61451           5.32767
    0.0633347086              0.00000           5.68609           5.39574
    0.0641352585              0.00000           5.75768           5.46383
    0.0649458781              0.00000           5.82926           5.53193
    0.0657666940              0.00000           5.90080           5.59998
    0.0665978345              0.00000           5.97225           5.66796
    0.0674394295              0.00000           6.04359           5.73584
    0.0682916105              0.00000           6.11478           5.80358
    0.0691545106              0.00000           6.18578           5.87115
    0.0700282646              0.00000           6.25655           5.93851
    0.0709130091              0.00000           6.32705           6.00562
    0.0718088823              0.00000           6.39725           6.07245
    0.0727160242              0.00000           6.46710           6.13896
    0.0736345765              0.00000           6.53656           6.20510
    0.0745646828              0.00000           6.60559           6.27084
    0.0755064884              0.00000           6.67414           6.33613
    0.0764601405              0.00000           6.74218           6.40094
    0.0774257880              0.00000           6.80966           6.46523
    0.0784035819              0.00000           6.87653           6.52894
    0.0793936749              0.00000           6.94274           6.59203
    0.0803962218              0.00000           7.00825           6.65447
    0.0814113791              0.00000           7.07302           6.71620
    0.0824393056              0.00000           7.13699           6.77718
    0.0834801617              0.00000           7.20011           6.83736
    0.0845341103              0.00000           7.26235           6.89670
    0.0856013158              0.00000           7.32364           6.95515
    0.0866819452              0.00000           7.38393           7.01265
    0.0877761672              0.00000           7.44318           7.06917
    0.0888841528              0.00000           7.50134           7.12465
    0.0900060752              0.00000           7.55836           7.17904
    0.0911421096              0.00000           7.61418           7.23230
    0.0922924336              0.00000           7.66875           7.28438
    0.0934572268              0.00000           7.72202           7.33521
    0.0946366714              0.00000           7.77394           7.38477
    0.0958309515              0.00000           7.82446           7.43298
    0.0970402539              0.00000           7.87352           7.47981
    0.0982647674              0.00000           7.92108           7.52521
    0.0995046833              0.00000           7.96708           7.56912
    0.1007601955              0.00000           8.01148           7.61149
    0.1020315001              0.00000           8.05421           7.65228
    0.1033187958              0.00000           8.09524           7.69144
    0.1046222836              0.00000           8.13451           7.72890
    0.1059421673              0.00000           8.17197           7.76464
    0.1072786530              0.00000           8.20757           7.79860
    0.1086319497              0.00000           8.24127           7.83072
    0.1100022688              0.00000           8.27301           7.86097
    0.1113898244              0.00000           8.30276           7.88930
    0.1127948332              0.00000           8.33046           7.91566
    0.1142175149              0.00000           8.35608           7.94001
    0.1156580918              0.00000           8.37957           7.96230
    0.1171167888              0.00000           8.40088           7.98250
    0.1185938340              0.00000           8.41998           8.00055
    0.1200894582              0.00000           8.43683           8.01642
    0.1216038950              0.00000           8.45139           8.03007
    0.1231373810              0.00000           8.46362           8.04147
    0.1246901560              0.00000           8.47350           8.05056
    0.1262624624              0.00000           8.48098           8.05733
    0.1278545460              0.00000           8.48604           8.06174
    0.1294666556              0.00000           8.48866           8.06375
    0.1310990430              0.00000           8.48879           8.06334
    0.1327519633              0.00000           8.48642           8.06047
    0.1344256748              0.00000           8.48154           8.05513
    0.1361204390              0.00000           8.47411           8.04729
    0.1378365207              0.00000           8.46412           8.03692
    0.1395741881              0.00000           8.45155           8.02400
    0.1413337126              0.00000           8.43641           8.00853
    0.1431153692              0.00000           8.41867           7.99048
    0.1449194363              0.00000           8.39832           7.96983
    0.1467461958              0.00000           8.37538           7.94659
    0.1485959331              0.00000           8.34983           7.92074
    0.1504689372              0.00000           8.32168           7.89228
    0.1523655007              0.00000           8.29094           7.86120
    0.1542859202              0.00000           8.25761           7.82750
    0.1562304955              0.00000           8.22170           7.79119
    0.1581995306              0.00000           8.18324           7.75228
    0.1601933331              0.00000           8.14224           7.71076
    0.1622122145              0.00000           8.09872           7.66666
    0.1642564903              0.00000           8.05271           7.61998
    0.1663264800              0.00000           8.00424           7.57075
    0.1684225069              0.00000           7.95334           7.51898
    0.1705448986              0.00000           7.90005           7.46470
    0.1726939867              0.00000           7.84441           7.40793
    0.1748701070              0.00000           7.78645           7.34871
    0.1770735996              0.00000           7.72624           7.28706
    0.1793048086              0.00000           7.66382           7.22302
    0.1815640828              0.00000           7.59924           7.15664
    0.1838517752              0.00000           7.53256           7.08794
    0.1861682432              0.00000           7.46384           7.01698
    0.1885138488              0.00000           7.39316           6.94381
    0.1908889584              0.00000           7.32057           6.86847
    0.1932939433              0.00000           7.24614           6.79101
    0.1957291792              0.00000           7.16997           6.71150
    0.1981950465              0.00000           7.09211           6.63000
    0.2006919307              0.00000           7.01266           6.54656
    0.2032202217              0.00000           6.93170           6.46124
    0.2057803148              0.00000           6.84931           6.37413
    0.2083726099              0.00000           6.76560           6.28528
    0.2109975120              0.00000           6.68064           6.19477
    0.2136554314              0.00000           6.59455           6.10268
    0.2163467832              0.00000           6.50741           6.00908
    0.2190719881              0.00000           6.41934           5.91404
    0.2218314718              0.00000           6.33042           5.81766
    0.2246256656              0.00000           6.24078           5.72001
    0.2274550060              0.00000           6.15052           5.62117
    0.2303199352              0.00000           6.05974           5.52124
    0.2332209007              0.00000           5.96857           5.42031
    0.2361583558              0.00000           5.87711           5.31845
    0.2391327596              0.00000           5.78548           5.21577
    0.2421445768              0.00000           5.69379           5.11235
    0.2451942780              0.00000           5.60217           5.00829
    0.2482823397              0.00000           5.51072           4.90368
    0.2514092444              0.00000           5.41957           4.79861
    0.2545754808              0.00000           5.32884           4.69317
    0.2577815435              0.00000           5.23864           4.58747
    0.2610279335              0.00000           5.14909           4.48159
    0.2643151581              0.00000           5.06031           4.37563
    0.2676437308              0.00000           4.97241           4.26969
    0.2710141719              0.00000           4.88552           4.16385
    0.2744270079              0.00000           4.79975           4.05822
    0.2778827720              0.00000           4.71520           3.95287
    0.2813820044              0.00000           4.63200           3.84791
    0.2849252516              0.00000           4.55025           3.74343
    0.2885130675              0.00000           4.47006           3.63950
    0.2921460125              0.00000           4.39154           3.53622
    0.2958246543              0.00000           4.31479           3.43368
    0.2995495677              0.00000           4.23991           3.33195
    0.3033213348              0.00000           4.16699           3.23112
    0.3071405449              0.00000           4.09614           3.13127
    0.3110077947              0.00000           4.02744           3.03247
    0.3149236885              0.00000           3.96097           2.93481
    0.3188888382              0.00000           3.89683           2.83834
    0.3229038634              0.00000           3.83508           2.74313
    0.3269693913              0.00000           3.77581           2.64927
    0.3310860574              0.00000           3.71909           2.55680
    0.3352545046              0.00000           3.66497           2.46579
    0.3394753845              0.00000           3.61352           2.37629
    0.3437493566              0.00000           3.56479           2.28836
    0.3480770885              0.00000           3.51884           2.20205
    0.3524592567              0.00000           3.47570           2.11740
    0.3568965457              0.00000           3.43542           2.03446
    0.3613896490              0.00000           3.39804           1.95327
    0.3659392685              0.00000           3.36356           1.87386
    0.3705461153              0.00000           3.33203           1.79626
    0.3752109090              0.00000           3.30345           1.72051
    0.3799343786              0.00000           3.27784           1.64662
    0.3847172621              0.00000           3.25520           1.57463
    0.3895603069              0.00000           3.23553           1.50455
    0.3944642697              0.00000           3.21882           1.43638
    0.3994299167              0.00000           3.20505           1.37015
    0.4044580240              0.00000           3.19421           1.30586
    0.4095493770              0.00000           3.18627           1.24352
    0.4147047713              0.00000           3.18120           1.18311
    0.4199250125              0.00000           3.17897           1.12465
    0.4252109163              0.00000           3.17951           1.06812
    0.4305633086              0.00000           3.18280           1.01352
    0.4359830257              0.00000           3.18877           0.96083
    0.4414709144              0.00000           3.19737           0.91004
    0.4470278322              0.00000           3.20852           0.86113
    0.4526546475              0.00000           3.22215           0.81408
    0.4583522394              0.00000           3.23820           0.76886
    0.4641214982              0.00000           3.25658           0.72545
    0.4699633254              0.00000           3.27720           0.68382
    0.4758786336              0.00000           3.29997           0.64394
    0.4818683473              0.00000           3.32480           0.60577
    0.4879334023              0.00000           3.35159           0.56930
    0.4940747463              0.00000           3.38023           0.53447
    0.5002933390              0.00000           3.41062           0.50124
    0.5065901518              0.00000           3.44266           0.46960
    0.5129661689              0.00000           3.47622           0.43948
    0.5194223863              0.00000           3.51119           0.41085
    0.5259598130              0.00000           3.54745           0.38367
    0.5325794704              0.00000           3.58488           0.35789
    0.5392823928              0.00000           3.62336           0.33347
    0.5460696276              0.00000           3.66276           0.31037
    0.5529422353              0.00000           3.70296           0.28854
    0.5599012898              0.00000           3.74382           0.26793
    0.5669478784              0.00000           3.78523           0.24851
    0.5740831021              0.00000           3.82704           0.23022
    0.5813080760              0.00000           3.86913           0.21302
    0.5886239288              0.00000           3.91138           0.19687
    0.5960318037              0.00000           3.95364           0.18173
    0.6035328582              0.00000           3.99580           0.16754
    0.6111282644              0.00000           4.03772           0.15426
    0.6188192090              0.00000           4.07928           0.14186
    0.6266068938              0.00000           4.12036           0.13028
    0.6344925356              0.00000           4.16081           0.11950
    0.6424773666              0.00000           4.20054           0.10946
    0.6505626344              0.00000           4.23941           0.10014
    0.6587496023              0.00000           4.27732           0.09148
    0.6670395496              0.00000           4.31414           0.08346
    0.6754337716              0.00000           4.34976           0.07604
    0.6839335799              0.00000           4.38409           0.06918
    0.6925403027              0.00000           4.41700           0.06285
    0.7012552847              0.00000           4.44841           0.05702
    0.7100798877              0.00000           4.47822           0.05166
    0.7190154905              0.00000           4.50633           0.04673
    0.7280634893              0.00000           4.53266           0.04221
    0.7372252980              0.00000           4.55712           0.03807
    0.7465023481              0.00000           4.57963           0.03429
    0.7558960890              0.00000           4.60012           0.03083
    0.7654079887              0.00000           4.61853           0.02768
    0.7750395334              0.00000           4.63478           0.02481
    0.7847922279              0.00000           4.64882           0.02221
    0.7946675963              0.00000           4.66059           0.01984
    0.8046671815              0.00000           4.67005           0.01770
    0.8147925460              0.00000           4.67716           0.01577
    0.8250452719              0.00000           4.68187           0.01402
    0.8354269613              0.00000           4.68415           0.01244
    0.8459392362              0.00000           4.68399           0.01103
    0.8565837392              0.00000           4.68135           0.00976
    0.8673621336              0.00000           4.67622           0.00862
    0.8782761036              0.00000           4.66860           0.00760
    0.8893273543              0.00000           4.65847           0.00668
    0.9005176127              0.00000           4.64584           0.00587
    0.9118486272              0.00000           4.63072           0.00515
    0.9233221683              0.00000           4.61311           0.00451
    0.9349400289              0.00000           4.59304           0.00394
    0.9467040241              0.00000           4.57052           0.00343
    0.9586159921              0.00000           4.54558           0.00299
    0.9706777943              0.00000           4.51826           0.00259
    0.9828913152              0.00000           4.48859           0.00225
    0.9952584634              0.00000           4.45660           0.00195
    1.0077811711              0.00000           4.42235           0.00168
    1.0204613950              0.00000           4.38588           0.00145
    1.0333011166              0.00000           4.34724           0.00125
    1.0463023420              0.00000           4.30650           0.00107
    1.0594671027              0.00000           4.26371           0.00092
    1.0727974556              0.00000           4.21894           0.00078
    1.0862954838              0.00000           4.17225           0.00067
    1.0999632963              0.00000           4.12372           0.00057
    1.1138030286              0.00000           4.07341           0.00048
    1.1278168434              0.00000           4.02139           0.00041
    1.1420069303              0.00000           3.96776           0.00035
    1.1563755065              0.00000           3.91258           0.00029
    1.1709248171              0.00000           3.85595           0.00025
    1.1856571355              0.00000           3.79793           0.00021
    1.2005747637              0.00000           3.73862           0.00017
    1.2156800325              0.00000           3.67809           0.00014
    1.2309753023              0.00000           3.61645           0.00012
    1.2464629628              0.00000           3.55376           0.00010
    1.2621454342              0.00000           3.49013           0.00008
    1.2780251667              0.00000           3.42563           0.00007
    1.2941046417              0.00000           3.36036           0.00006
    1.3103863716              0.00000           3.29441           0.00005
    1.3268729004              0.00000           3.22785           0.00004
    1.3435668042              0.00000           3.16078           0.00003
    1.3604706915              0.00000           3.09329           0.00003
    1.3775872036              0.00000           3.02545           0.00002
    1.3949190148              0.00000           2.95735           0.00002
    1.4124688334              0.00000           2.88908           0.00001
    1.4302394015              0.00000           2.82071           0.00001
    1.4482334959              0.00000           2.75233           0.00001
    1.4664539281              0.00000           2.68401           0.00001
    1.4849035451              0.00000           2.61582           0.00001
    1.5035852298              0.00000           2.54785           0.00000
    1.5225019011              0.00000           2.48016           0.00000
    1.5416565148              0.00000           2.41282           0.00000
    1.5610520639              0.00000           2.34591           0.00000
    1.5806915790              0.00000           2.27948           0.00000
    1.6005781288              0.00000           2.21359           0.00000
    1.6207148206              0.00000           2.14831           0.00000
    1.6411048008              0.00000           2.08369           0.00000
    1.6617512554              0.00000           2.01979           0.00000
    1.6826574104              0.00000           1.95666           0.00000
    1.7038265324              0.00000           1.89434           0.00000
    1.7252619292              0.00000           1.83289           0.00000
    1.7469669502              0.00000           1.77234           0.00000
    1.7689449866              0.00000           1.71274           0.00000
    1.7911994728              0.00000           1.65412           0.00000
    1.8137338859              0.00000           1.59652           0.00000
    1.8365517471              0.00000           1.53997           0.00000
    1.8596566216              0.00000           1.48449           0.00000
    1.8830521196              0.00000           1.43012           0.00000
    1.9067418968              0.00000           1.37688           0.00000
    1.9307296547              0.00000           1.32478           0.00000
    1.9550191415              0.00000           1.27385           0.00000
    1.9796141524              0.00000           1.22410           0.00000
    2.0045185304              0.00000           1.17554           0.00000
    2.0297361670              0.00000           1.12819           0.00000
    2.0552710024              0.00000           1.08204           0.00000
    2.0811270264              0.00000           1.03712           0.00000
    2.1073082792              0.00000           0.99342           0.00000
    2.1338188517              0.00000           0.95094           0.00000
    2.1606628860              0.00000           0.90968           0.00000
    2.1878445768              0.00000           0.86963           0.00000
    2.2153681712              0.00000           0.83081           0.00000
    2.2432379697              0.00000           0.79318           0.00000
    2.2714583272              0.00000           0.75676           0.00000
    2.3000336530              0.00000           0.72152           0.00000
    2.3289684122              0.00000           0.68746           0.00000
    2.3582671259              0.00000           0.65456           0.00000
    2.3879343720              0.00000           0.62281           0.00000
    2.4179747861              0.00000           0.59220           0.00000
    2.4483930622              0.00000           0.56270           0.00000
    2.4791939530              0.00000           0.53429           0.00000
    2.5103822714              0.00000           0.50697           0.00000
    2.5419628905              0.00000           0.48070           0.00000
    2.5739407449              0.00000           0.45547           0.00000
    2.6063208312              0.00000           0.43126           0.00000
    2.6391082088              0.00000           0.40804           0.00000
    2.6723080009              0.00000           0.38578           0.00000
    2.7059253949              0.00000           0.36448           0.00000
    2.7399656437              0.00000           0.34410           0.00000
    2.7744340662              0.00000           0.32461           0.00000
    2.8093360480              0.00000           0.30600           0.00000
    2.8446770427              0.00000           0.28824           0.00000
    2.8804625724              0.00000           0.27130           0.00000
    2.9166982286              0.00000           0.25517           0.00000
    2.9533896733              0.00000           0.23980           0.00000
    2.9905426395              0.00000           0.22518           0.00000
    3.0281629326              0.00000           0.21129           0.00000
    3.0662564306              0.00000           0.19810           0.00000
    3.1048290859              0.00000           0.18558           0.00000
    3.1438869255              0.00000           0.17371           0.00000
    3.1834360522              0.00000           0.16247           0.00000
    3.2234826456              0.00000           0.15183           0.00000
    3.2640329632              0.00000           0.14176           0.00000
    3.3050933410              0.00000           0.13225           0.00000
    3.3466701948              0.00000           0.12328           0.00000
    3.3887700211              0.00000           0.11481           0.00000
    3.4313993979              0.00000           0.10683           0.00000
    3.4745649863              0.00000           0.09932           0.00000
    3.5182735310              0.00000           0.09225           0.00000
    3.5625318614              0.00000           0.08561           0.00000
    3.6073468932              0.00000           0.07938           0.00000
    3.6527256286              0.00000           0.07353           0.00000
    3.6986751583              0.00000           0.06804           0.00000
    3.7452026619              0.00000           0.06291           0.00000
    3.7923154095              0.00000           0.05811           0.00000
    3.8400207624              0.00000           0.05362           0.00000
    3.8883261748              0.00000           0.04943           0.00000
    3.9372391946              0.00000           0.04552           0.00000
    3.9867674643              0.00000           0.04188           0.00000
    4.0369187231              0.00000           0.03849           0.00000
    4.0877008069              0.00000           0.03534           0.00000
    4.1391216508              0.00000           0.03241           0.00000
    4.1911892893              0.00000           0.02970           0.00000
    4.2439118580              0.00000           0.02718           0.00000
    4.2972975950              0.00000           0.02485           0.00000
    4.3513548419              0.00000           0.02269           0.00000
    4.4060920453              0.00000           0.02070           0.00000
    4.4615177579              0.00000           0.01886           0.00000
    4.5176406402              0.00000           0.01717           0.00000
    4.5744694614              0.00000           0.01561           0.00000
    4.6320131012              0.00000           0.01417           0.00000
    4.6902805509              0.00000           0.01285           0.00000
    4.7492809149              0.00000           0.01164           0.00000
    4.8090234121              0.00000           0.01053           0.00000
    4.8695173774              0.00000           0.00952           0.00000
    4.9307722631              0.00000           0.00859           0.00000
    4.9927976405              0.00000           0.00774           0.00000
    5.0556032010              0.00000           0.00697           0.00000
    5.1191987582              0.00000           0.00626           0.00000
    5.1835942491              0.00000           0.00562           0.00000
    5.2487997355              0.00000           0.00504           0.00000
    5.3148254060              0.00000           0.00451           0.00000
    5.3816815772              0.00000           0.00404           0.00000
    5.4493786954              0.00000           0.00360           0.00000
    5.5179273386              0.00000           0.00321           0.00000
    5.5873382176              0.00000           0.00286           0.00000
    5.6576221780              0.00000           0.00254           0.00000
    5.7287902018              0.00000           0.00226           0.00000
    5.8008534091              0.00000           0.00200           0.00000
    5.8738230599              0.00000           0.00177           0.00000
    5.9477105560              0.00000           0.00157           0.00000
    6.0225274424              0.00000           0.00138           0.00000
    6.0982854093              0.00000           0.00122           0.00000
    6.1749962942              0.00000           0.00107           0.00000
    6.2526720832              0.00000           0.00094           0.00000
    6.3313249133              0.00000           0.00083           0.00000
    6.4109670743              0.00000           0.00072           0.00000
    6.4916110103              0.00000           0.00063           0.00000
    6.5732693222              0.00000           0.00055           0.00000
    6.6559547692              0.00000           0.00048           0.00000
    6.7396802711              0.00000           0.00042           0.00000
    6.8244589101              0.00000           0.00036           0.00000
    6.9103039332              0.00000           0.00031           0.00000
    6.9972287537              0.00000           0.00027           0.00000
    7.0852469538              0.00000           0.00023           0.00000
    7.1743722867              0.00000           0.00020           0.00000
    7.2646186782              0.00000           0.00017           0.00000
    7.3560002295              0.00000           0.00015           0.00000
    7.4485312193              0.00000           0.00013           0.00000
    7.5422261056              0.00000           0.00011           0.00000
    7.6370995286              0.00000           0.00009           0.00000
    7.7331663123              0.00000           0.00008           0.00000
    7.8304414673              0.00000           0.00007           0.00000
    7.9289401932              0.00000           0.00006           0.00000
    8.0286778806              0.00000           0.00005           0.00000
    8.1296701136              0.00000           0.00004           0.00000
    8.2319326725              0.00000           0.00003           0.00000
    8.3354815361              0.00000           0.00003           0.00000
    8.4403328840              0.00000           0.00002           0.00000
    8.5465030995              0.00000           0.00002           0.00000
    8.6540087720              0.00000           0.00002           0.00000
    8.7628666993              0.00000           0.00001           0.00000
    8.8730938908              0.00000           0.00001           0.00000
    8.9847075697              0.00000           0.00001           0.00000
    9.0977251758              0.00000           0.00001           0.00000
    9.2121643684              0.00000           0.00001           0.00000
    9.3280430289              0.00000           0.00001           0.00000
    9.4453792634              0.00000           0.00000           0.00000
    9.5641914061              0.00000           0.00000           0.00000
    9.6844980216              0.00000           0.00000           0.00000
    9.8063179081              0.00000           0.00000           0.00000
    9.9296701000              0.00000           0.00000           0.00000
   10.0545738715              0.00000           0.00000           0.00000
   10.1810487391              0.00000           0.00000           0.00000
   10.3091144647              0.00000           0.00000           0.00000
   10.4387910587              0.00000           0.00000           0.00000
   10.5700987836              0.00000           0.00000           0.00000
   10.7030581563              0.00000           0.00000           0.00000
   10.8376899520              0.00000           0.00000           0.00000
   10.9740152072              0.00000           0.00000           0.00000
   11.1120552230              0.00000           0.00000           0.00000
   11.2518315685              0.00000           0.00000           0.00000
   11.3933660840              0.00000           0.00000           0.00000
   11.5366808846              0.00000           0.00000           0.00000
   11.6817983634              0.00000           0.00000           0.00000
   11.8287411953              0.00000           0.00000           0.00000
   11.9775323406              0.00000           0.00000           0.00000
   12.1281950481              0.00000           0.00000           0.00000
   12.2807528591              0.00000           0.00000           0.00000
   12.4352296112              0.00000           0.00000           0.00000
   12.5916494416              0.00000           0.00000           0.00000
   12.7500367913              0.00000           0.00000           0.00000
   12.9104164086              0.00000           0.00000           0.00000
   13.0728133531              0.00000           0.00000           0.00000
   13.2372529997              0.00000           0.00000           0.00000
   13.4037610425              0.00000           0.00000           0.00000
   13.5723634986              0.00000           0.00000           0.00000
   13.7430867125              0.00000           0.00000           0.00000
   13.9159573601              0.00000           0.00000           0.00000
   14.0910024527              0.00000           0.00000           0.00000
   14.2682493416              0.00000           0.00000           0.00000
   14.4477257219              0.00000           0.00000           0.00000
   14.6294596371              0.00000           0.00000           0.00000
   14.8134794836              0.00000           0.00000           0.00000
   14.9998140148              0.00000           0.00000           0.00000
   15.1884923458              0.00000           0.00000           0.00000
   15.3795439581              0.00000           0.00000           0.00000
   15.5729987039              0.00000           0.00000           0.00000
   15.7688868108              0.00000           0.00000           0.00000
   15.9672388867              0.00000           0.00000           0.00000
   16.1680859247              0.00000           0.00000           0.00000
   16.3714593073              0.00000           0.00000           0.00000
   16.5773908122              0.00000           0.00000           0.00000
   16.7859126166              0.00000           0.00000           0.00000
   16.9970573024              0.00000           0.00000           0.00000
   17.2108578613              0.00000           0.00000           0.00000
   17.4273477003              0.00000           0.00000           0.00000
   17.6465606462              0.00000           0.00000           0.00000
   17.8685309515              0.00000           0.00000           0.00000
   18.0932932995              0.00000           0.00000           0.00000
   18.3208828098              0.00000           0.00000           0.00000
   18.5513350438              0.00000           0.00000           0.00000
   18.7846860100              0.00000           0.00000           0.00000
   19.0209721701              0.00000           0.00000           0.00000
   19.2602304441              0.00000           0.00000           0.00000
   19.5024982168              0.00000           0.00000           0.00000
   19.7478133429              0.00000           0.00000           0.00000
   19.9962141534              0.00000           0.00000           0.00000
   20.2477394615              0.00000           0.00000           0.00000
   20.5024285685              0.00000           0.00000           0.00000
   20.7603212700              0.00000           0.00000           0.00000
   21.0214578625              0.00000           0.00000           0.00000
   21.2858791489              0.00000           0.00000           0.00000
   21.5536264456              0.00000           0.00000           0.00000
   21.8247415887              0.00000           0.00000           0.00000
   22.0992669405              0.00000           0.00000           0.00000
   22.3772453962              0.00000           0.00000           0.00000
   22.6587203904              0.00000           0.00000           0.00000
   22.9437359041              0.00000           0.00000           0.00000
   23.2323364717              0.00000           0.00000           0.00000
   23.5245671876              0.00000           0.00000           0.00000
   23.8204737133              0.00000           0.00000           0.00000
   24.1201022849              0.00000           0.00000           0.00000
   24.4234997200              0.00000           0.00000           0.00000
   24.7307134251              0.00000           0.00000           0.00000
   25.0417914028              0.00000           0.00000           0.00000
   25.3567822598              0.00000           0.00000           0.00000
   25.6757352141              0.00000           0.00000           0.00000
   25.9987001026              0.00000           0.00000           0.00000
   26.3257273893              0.00000           0.00000           0.00000
   26.6568681729              0.00000           0.00000           0.00000
   26.9921741948              0.00000           0.00000           0.00000
   27.3316978472              0.00000           0.00000           0.00000
   27.6754921815              0.00000           0.00000           0.00000
   28.0236109161              0.00000           0.00000           0.00000
   28.3761084454              0.00000           0.00000           0.00000
   28.7330398477              0.00000           0.00000           0.00000
   29.0944608944              0.00000           0.00000           0.00000
   29.4604280583              0.00000           0.00000           0.00000
   29.8309985223              0.00000           0.00000           0.00000
   30.2062301890              0.00000           0.00000           0.00000
   30.5861816890              0.00000           0.00000           0.00000
   30.9709123906              0.00000           0.00000           0.00000
   31.3604824086              0.00000           0.00000           0.00000
   31.7549526142              0.00000           0.00000           0.00000
   32.1543846442              0.00000           0.00000           0.00000
   32.5588409106              0.00000           0.00000           0.00000
   32.9683846106              0.00000           0.00000           0.00000
   33.3830797362              0.00000           0.00000           0.00000
   33.8029910842              0.00000           0.00000           0.00000
   34.2281842669              0.00000           0.00000           0.00000
   34.6587257214              0.00000           0.00000           0.00000
   35.0946827207              0.00000           0.00000           0.00000
   35.5361233840              0.00000           0.00000           0.00000
   35.9831166873              0.00000           0.00000           0.00000
   36.4357324741              0.00000           0.00000           0.00000
   36.8940414668              0.00000           0.00000           0.00000
   37.3581152769              0.00000           0.00000           0.00000
   37.8280264169              0.00000           0.00000           0.00000
   38.3038483114              0.00000           0.00000           0.00000
   38.7856553086              0.00000           0.00000           0.00000
   39.2735226917              0.00000           0.00000           0.00000
   39.7675266911              0.00000           0.00000           0.00000
   40.2677444958              0.00000           0.00000           0.00000
   40.7742542659              0.00000           0.00000           0.00000
   41.2871351447              0.00000           0.00000           0.00000
   41.8064672707              0.00000           0.00000           0.00000
   42.3323317907              0.00000           0.00000           0.00000
   42.8648108721              0.00000           0.00000           0.00000
   43.4039877158              0.00000           0.00000           0.00000
   43.9499465693              0.00000           0.00000           0.00000
   44.5027727398              0.00000           0.00000           0.00000
   45.0625526075              0.00000           0.00000           0.00000
   45.6293736391              0.00000           0.00000           0.00000
   46.2033244017              0.00000           0.00000           0.00000
   46.7844945760              0.00000           0.00000           0.00000
   47.3729749712              0.00000           0.00000           0.00000
   47.9688575386              0.00000           0.00000           0.00000
   48.5722353860              0.00000           0.00000           0.00000
   49.1832027924              0.00000           0.00000           0.00000
   49.8018552227              0.00000           0.00000           0.00000
   50.4282893426              0.00000           0.00000           0.00000
   51.0626030337              0.00000           0.00000           0.00000
   51.7048954089              0.00000           0.00000           0.00000
   52.3552668275              0.00000           0.00000           0.00000
   53.0138189116              0.00000           0.00000           0.00000
   53.6806545611              0.00000           0.00000           0.00000
   54.3558779705              0.00000           0.00000           0.00000
   55.0395946449              0.00000           0.00000           0.00000
   55.7319114163              0.00000           0.00000           0.00000
   56.4329364607              0.00000           0.00000           0.00000
   57.1427793146              0.00000           0.00000           0.00000
   57.8615508925              0.00000           0.00000           0.00000
   58.5893635038              0.00000           0.00000           0.00000
   59.3263308708              0.00000           0.00000           0.00000
   60.0725681461              0.00000           0.00000           0.00000
   60.8281919308              0.00000           0.00000           0.00000
   61.5933202926              0.00000           0.00000           0.00000
   62.3680727845              0.00000           0.00000           0.00000
   63.1525704631              0.00000           0.00000           0.00000
   63.9469359077              0.00000           0.00000           0.00000
   64.7512932395              0.00000           0.00000           0.00000
   65.5657681411              0.00000           0.00000           0.00000
   66.3904878757              0.00000           0.00000           0.00000
   67.2255813076              0.00000           0.00000           0.00000
   68.0711789217              0.00000           0.00000           0.00000
   68.9274128445              0.00000           0.00000           0.00000
   69.7944168641              0.00000           0.00000           0.00000
   70.6723264518              0.00000           0.00000           0.00000
   71.5612787827              0.00000           0.00000           0.00000
   72.4614127574              0.00000           0.00000           0.00000
   73.3728690237              0.00000           0.00000           0.00000
   74.2957899985              0.00000           0.00000           0.00000
   75.2303198900              0.00000           0.00000           0.00000
   76.1766047205              0.00000           0.00000           0.00000
   77.1347923488              0.00000           0.00000           0.00000
   78.1050324938              0.00000           0.00000           0.00000
   79.0874767575              0.00000           0.00000           0.00000
   80.0822786487              0.00000           0.00000           0.00000
   81.0895936073              0.00000           0.00000           0.00000
   82.1095790283              0.00000           0.00000           0.00000
   83.1423942865              0.00000           0.00000           0.00000
   84.1882007614              0.00000           0.00000           0.00000
   85.2471618623              0.00000           0.00000           0.00000
   86.3194430541              0.00000           0.00000           0.00000
   87.4052118830              0.00000           0.00000           0.00000
   88.5046380024              0.00000           0.00000           0.00000
   89.6178932000              0.00000           0.00000           0.00000
   90.7451514241              0.00000           0.00000           0.00000
   91.8865888112              0.00000           0.00000           0.00000
   93.0423837132              0.00000           0.00000           0.00000
   94.2127167253              0.00000           0.00000           0.00000
   95.3977707145              0.00000           0.00000           0.00000
   96.5977308479              0.00000           0.00000           0.00000
   97.8127846216              0.00000           0.00000           0.00000
   99.0431218904              0.00000           0.00000           0.00000
  100.2889348969              0.00000           0.00000           0.00000
  101.5504183019              0.00000           0.00000           0.00000
  102.8277692148              0.00000           0.00000           0.00000
  104.1211872243              0.00000           0.00000           0.00000
  105.4308744295              0.00000           0.00000           0.00000
  106.7570354717              0.00000           0.00000           0.00000
  108.0998775664              0.00000           0.00000           0.00000
  109.4596105353              0.00000           0.00000           0.00000
  110.8364468394              0.00000           0.00000           0.00000
  112.2306016123              0.00000           0.00000           0.00000
  113.6422926934              0.00000           0.00000           0.00000
  115.0717406624              0.00000           0.00000           0.00000
  116.5191688733              0.00000           0.00000           0.00000
  117.9848034899              0.00000           0.00000           0.00000
  119.4688735205              0.00000           0.00000           0.00000
