    -2.000000       2.215805
    -1.920000       2.198988
    -1.840000       2.182066
    -1.760000       2.165040
    -1.680000       2.147906
    -1.600000       2.130663
    -1.520000       2.113310
    -1.440000       2.095844
    -1.360000       2.078263
    -1.280000       2.060566
    -1.200000       2.042750
    -1.120000       2.024814
    -1.040000       2.006755
    -0.960000       1.988572
    -0.880000       1.970261
    -0.800000       1.951821
    -0.720000       1.933248
    -0.640000       1.914542
    -0.560000       1.895699
    -0.480000       1.876716
    -0.400000       1.857592
    -0.320000       1.838323
    -0.240000       1.818906
    -0.160000       1.799339
    -0.080000       1.779618
     0.000000       1.759741
     0.080000       1.739705
     0.160000       1.719506
     0.240000       1.699140
     0.320000       1.678605
     0.400000       1.657897
     0.480000       1.637012
     0.560000       1.615946
     0.640000       1.594696
     0.720000       1.573257
     0.800000       1.551626
     0.880000       1.529797
     0.960000       1.507768
     1.040000       1.485532
     1.120000       1.463085
     1.200000       1.440423
     1.280000       1.417540
     1.360000       1.394432
     1.440000       1.371092
     1.520000       1.347514
     1.600000       1.323694
     1.680000       1.299625
     1.760000       1.275302
     1.840000       1.250716
     1.920000       1.225862
     2.000000       1.200733
