    -2.000000       1.732458
    -1.920000       1.710686
    -1.840000       1.688688
    -1.760000       1.666458
    -1.680000       1.643988
    -1.600000       1.621273
    -1.520000       1.598305
    -1.440000       1.575078
    -1.360000       1.551582
    -1.280000       1.527811
    -1.200000       1.503756
    -1.120000       1.479408
    -1.040000       1.454759
    -0.960000       1.429798
    -0.880000       1.404515
    -0.800000       1.378901
    -0.720000       1.352944
    -0.640000       1.326633
    -0.560000       1.299955
    -0.480000       1.272898
    -0.400000       1.245448
    -0.320000       1.217591
    -0.240000       1.189313
    -0.160000       1.160597
    -0.080000       1.131428
     0.000000       1.101787
     0.080000       1.071656
     0.160000       1.041017
     0.240000       1.009847
     0.320000       0.978126
     0.400000       0.945830
     0.480000       0.912934
     0.560000       0.879413
     0.640000       0.845238
     0.720000       0.810380
     0.800000       0.774808
     0.880000       0.738487
     0.960000       0.701381
     1.040000       0.663453
     1.120000       0.624661
     1.200000       0.584960
     1.280000       0.544304
     1.360000       0.502640
     1.440000       0.459915
     1.520000       0.416068
     1.600000       0.371036
     1.680000       0.324750
     1.760000       0.277134
     1.840000       0.228107
     1.920000       0.177580
     2.000000       0.125457
