    -3.742413       1.472145
    -3.662413       1.436990
    -3.582413       1.400545
    -3.502413       1.362682
    -3.422413       1.323259
    -3.342413       1.282109
    -3.262413       1.239040
    -3.182413       1.193829
    -3.102413       1.146216
    -3.022413       1.095893
    -2.942413       1.042495
    -2.862413       0.985586
    -2.782413       0.924639
    -2.702413       0.859014
    -2.622413       0.787923
    -2.542413       0.710383
    -2.462413       0.625159
    -2.382413       0.530666
    -2.302413       0.424845
    -2.222413       0.304971
    -2.142413       0.167348
    -2.062413       0.006853
    -1.982413      -0.183850
    -1.902413      -0.415629
    -1.822413      -0.705318
    -1.742413      -1.080443
    -1.662413      -1.589351
    -1.582413      -2.325461
    -1.502413      -3.495745
    -1.422413      -5.668625
    -1.342413     -11.174715
    -1.262413     -54.456429
    -1.182413      24.170282
    -1.102413      10.791826
    -1.022413       7.270358
    -0.942413       5.634346
    -0.862413       4.682664
    -0.782413       4.055599
    -0.702413       3.607892
    -0.622413       3.269640
    -0.542413       3.003044
    -0.462413       2.785870
    -0.382413       2.604190
    -0.302413       2.448827
    -0.222413       2.313489
    -0.142413       2.193719
    -0.062413       2.086271
     0.017587       1.988719
     0.097587       1.899218
     0.177587       1.816335
     0.257587       1.738944
