    -2.676588       1.403369
    -2.596588       1.369824
    -2.516588       1.335177
    -2.436588       1.299328
    -2.356588       1.262160
    -2.276588       1.223542
    -2.196588       1.183320
    -2.116588       1.141319
    -2.036588       1.097333
    -1.956588       1.051123
    -1.876588       1.002405
    -1.796588       0.950842
    -1.716588       0.896032
    -1.636588       0.837488
    -1.556588       0.774617
    -1.476588       0.706686
    -1.396588       0.632782
    -1.316588       0.551749
    -1.236588       0.462107
    -1.156588       0.361922
    -1.076588       0.248617
    -0.996588       0.118697
    -0.916588      -0.032734
    -0.836588      -0.212717
    -0.756588      -0.431783
    -0.676588      -0.706419
    -0.596588      -1.063953
    -0.516588      -1.553273
    -0.436588      -2.271259
    -0.356588      -3.440837
    -0.276588      -5.714961
    -0.196588     -12.178900
    -0.116588    -193.387487
    -0.036588      16.599611
     0.043412       8.538640
     0.123412       5.969020
     0.203412       4.694610
     0.283412       3.926450
     0.363412       3.408105
     0.443412       3.031195
     0.523412       2.742084
     0.603412       2.511112
     0.683412       2.320600
     0.763412       2.159326
     0.843412       2.019820
     0.923412       1.896934
     1.003412       1.786982
     1.083412       1.687272
     1.163412       1.595778
     1.243412       1.510951
     1.323412       1.431581
