<?xml version="1.0" encoding="UTF-8" ?>
<psml version="1.1" energy_unit="hartree" length_unit="bohr"
 uuid="ee493660-a869-11eb-60ae-1b4afeffc55c"
 xmlns="http://esl.cecam.org/PSML/ns/1.1">
<provenance creator="ATM4.2.7" date="28-APR-21">
<annotation action="semilocal-pseudopotential-generation" />
<input-file name="INP">
<![CDATA[   pg      Oxygen
        tm2  2.0
 n=O  c=ca
       0.0       0.0       0.0       0.0       0.0       0.0
    1    4
    2    0     2.00      0.00
    2    1     4.00      0.00
    3    2     0.00      0.00
    4    3     0.00      0.00
   1.15     1.15     1.15     1.15
]]>
</input-file>
</provenance>
<pseudo-atom-spec atomic-label="O" atomic-number="8" z-pseudo="6"
 flavor="Troullier-Martins" relativity="no" spin-dft="no" core-corrections="no">
<annotation pseudo-energy="-15.7300154462" />
<exchange-correlation>
<annotation atom-xc-code="ca" siesta-xc-type="LDA" siesta-xc-authors="CA" />
<libxc-info number-of-functionals="2">
<functional name="XC_LDA_X" type="XC_EXCHANGE" id="1" />
<functional name="XC_LDA_C_PZ" type="XC_CORRELATION" id="9" />
</libxc-info>
</exchange-correlation>
<valence-configuration total-valence-charge="6">
<shell n="2" l="s" occupation="2" />
<shell n="2" l="p" occupation="4" />
</valence-configuration>
</pseudo-atom-spec>
<grid npts="376">
<annotation type="sampled-log-atom"
 recipe="r(i:1..N) = a*(exp(b*(i-1))-1); resampled"
 recipe-cont="a: scale; b: step" scale="0.309844022083E-03"
 step="0.125000000000E-01" delta="0.500000000000E-02" rmax="20" />
<grid-data>
  0.000000000000E+00  5.046671836297E-03  1.007984357808E-02  1.518974854062E-02
  2.035251700562E-02  2.556610006306E-02  3.090250246574E-02  3.595372892337E-02
  4.129904144018E-02  4.683920017331E-02  5.245334327694E-02  5.800249612577E-02
  6.333470855386E-02  6.915451056086E-02  7.456468283430E-02  8.039622178140E-02
  8.560131582679E-02  9.114210959625E-02  9.704025386184E-02  1.033187957505E-01
  1.086319497276E-01  1.142175149343E-01  1.200894581930E-01  1.262624624205E-01
  1.327519633426E-01  1.378365207374E-01  1.431153692244E-01  1.485959330545E-01
  1.542859201736E-01  1.601933330639E-01  1.663264799983E-01  1.726939867255E-01
  1.793048086012E-01  1.861682431831E-01  1.932939433072E-01  2.006919306636E-01
  2.057803148154E-01  2.109975120253E-01  2.163467832113E-01  2.218314718422E-01
  2.274550060267E-01  2.332209006569E-01  2.391327596047E-01  2.451942779741E-01
  2.514092444117E-01  2.577815434737E-01  2.643151580545E-01  2.710141718758E-01
  2.778827720395E-01  2.849252516441E-01  2.921460124687E-01  2.995495677238E-01
  3.071405448725E-01  3.149236885227E-01  3.229038633924E-01  3.310860573507E-01
  3.394753845353E-01  3.480770885486E-01  3.568965457358E-01  3.659392685446E-01
  3.752109089712E-01  3.847172620927E-01  3.944642696891E-01  4.044580239577E-01
  4.095493769703E-01  4.147047713200E-01  4.199250125477E-01  4.252109163268E-01
  4.305633085904E-01  4.359830256606E-01  4.414709143795E-01  4.470278322406E-01
  4.526546475238E-01  4.583522394303E-01  4.641214982206E-01  4.699633253529E-01
  4.758786336247E-01  4.818683473150E-01  4.879334023287E-01  4.940747463430E-01
  5.002933389553E-01  5.065901518335E-01  5.129661688673E-01  5.194223863224E-01
  5.259598129959E-01  5.325794703740E-01  5.392823927917E-01  5.460696275941E-01
  5.529422353007E-01  5.599012897702E-01  5.669478783691E-01  5.740831021413E-01
  5.813080759799E-01  5.886239288018E-01  5.960318037239E-01  6.035328582417E-01
  6.111282644103E-01  6.188192090273E-01  6.266068938185E-01  6.344925356254E-01
  6.424773665957E-01  6.505626343754E-01  6.587496023041E-01  6.670395496121E-01
  6.754337716206E-01  6.839335799438E-01  6.925403026942E-01  7.012552846896E-01
  7.100798876637E-01  7.190154904786E-01  7.280634893406E-01  7.372252980178E-01
  7.465023480615E-01  7.558960890295E-01  7.654079887132E-01  7.750395333660E-01
  7.847922279366E-01  7.946675963031E-01  8.046671815122E-01  8.147925460192E-01
  8.250452719330E-01  8.354269612628E-01  8.459392361688E-01  8.565837392153E-01
  8.673621336275E-01  8.782761035516E-01  8.893273543174E-01  9.005176127055E-01
  9.118486272164E-01  9.233221683442E-01  9.349400288532E-01  9.467040240575E-01
  9.586159921055E-01  9.706777942663E-01  9.828913152210E-01  9.952584633573E-01
  1.007781171067E+00  1.020461395049E+00  1.033301116614E+00  1.046302341994E+00
  1.059467102657E+00  1.072797455625E+00  1.086295483792E+00  1.099963296251E+00
  1.113803028628E+00  1.127816843407E+00  1.142006930277E+00  1.156375506466E+00
  1.170924817095E+00  1.185657135523E+00  1.200574763704E+00  1.215680032548E+00
  1.230975302284E+00  1.246462962830E+00  1.262145434163E+00  1.278025166702E+00
  1.294104641687E+00  1.310386371569E+00  1.326872900401E+00  1.343566804237E+00
  1.360470691534E+00  1.377587203558E+00  1.394919014799E+00  1.412468833388E+00
  1.430239401519E+00  1.448233495881E+00  1.466453928086E+00  1.484903545115E+00
  1.503585229758E+00  1.522501901066E+00  1.541656514807E+00  1.561052063929E+00
  1.580691579025E+00  1.600578128811E+00  1.620714820599E+00  1.641104800789E+00
  1.661751255357E+00  1.682657410353E+00  1.703826532407E+00  1.725261929236E+00
  1.746966950166E+00  1.768944986650E+00  1.791199472801E+00  1.813733885927E+00
  1.836551747077E+00  1.859656621587E+00  1.883052119642E+00  1.906741896835E+00
  1.930729654743E+00  1.955019141501E+00  1.979614152392E+00  2.004518530435E+00
  2.029736166990E+00  2.055271002365E+00  2.081127026429E+00  2.107308279239E+00
  2.133818851669E+00  2.160662886049E+00  2.187844576815E+00  2.215368171161E+00
  2.243237969704E+00  2.271458327158E+00  2.300033653011E+00  2.328968412215E+00
  2.358267125886E+00  2.387934372007E+00  2.417974786145E+00  2.448393062177E+00
  2.479193953020E+00  2.510382271376E+00  2.541962890483E+00  2.573940744877E+00
  2.606320831163E+00  2.639108208795E+00  2.672308000868E+00  2.705925394917E+00
  2.739965643727E+00  2.774434066158E+00  2.809336047970E+00  2.844677042669E+00
  2.880462572357E+00  2.916698228596E+00  2.953389673281E+00  2.990542639525E+00
  3.028162932554E+00  3.066256430617E+00  3.104829085898E+00  3.143886925455E+00
  3.183436052154E+00  3.223482645627E+00  3.264032963235E+00  3.305093341048E+00
  3.346670194834E+00  3.388770021060E+00  3.431399397910E+00  3.474564986312E+00
  3.518273530975E+00  3.562531861449E+00  3.607346893188E+00  3.652725628632E+00
  3.698675158301E+00  3.745202661903E+00  3.792315409453E+00  3.840020762416E+00
  3.888326174849E+00  3.937239194571E+00  3.986767464342E+00  4.036918723054E+00
  4.087700806944E+00  4.139121650814E+00  4.191189289278E+00  4.243911858009E+00
  4.297297595016E+00  4.351354841928E+00  4.406092045301E+00  4.461517757935E+00
  4.517640640209E+00  4.574469461438E+00  4.632013101240E+00  4.690280550928E+00
  4.749280914908E+00  4.809023412107E+00  4.869517377412E+00  4.930772263128E+00
  4.992797640456E+00  5.055603200986E+00  5.119198758217E+00  5.183594249082E+00
  5.248799735508E+00  5.314825405986E+00  5.381681577160E+00  5.449378695443E+00
  5.517927338649E+00  5.587338217641E+00  5.657622178010E+00  5.728790201770E+00
  5.800853409067E+00  5.873823059925E+00  5.947710556001E+00  6.022527442365E+00
  6.098285409309E+00  6.174996294169E+00  6.252672083177E+00  6.331324913333E+00
  6.410967074301E+00  6.491611010332E+00  6.573269322204E+00  6.655954769195E+00
  6.739680271074E+00  6.824458910121E+00  6.910303933171E+00  6.997228753683E+00
  7.085246953838E+00  7.174372286659E+00  7.264618678159E+00  7.356000229521E+00
  7.448531219299E+00  7.542226105648E+00  7.637099528585E+00  7.733166312274E+00
  7.830441467347E+00  7.928940193243E+00  8.028677880591E+00  8.129670113605E+00
  8.231932672528E+00  8.335481536094E+00  8.440332884021E+00  8.546503099548E+00
  8.654008771985E+00  8.762866699314E+00  8.873093890806E+00  8.984707569685E+00
  9.097725175815E+00  9.212164368427E+00  9.328043028878E+00  9.445379263444E+00
  9.564191406150E+00  9.684498021636E+00  9.806317908054E+00  9.929670100011E+00
  1.005457387154E+01  1.018104873910E+01  1.030911446465E+01  1.043879105873E+01
  1.057009878357E+01  1.070305815625E+01  1.083768995197E+01  1.097401520720E+01
  1.111205522305E+01  1.125183156854E+01  1.139336608403E+01  1.153668088456E+01
  1.168179836336E+01  1.182874119534E+01  1.197753234061E+01  1.212819504809E+01
  1.228075285914E+01  1.243522961122E+01  1.259164944164E+01  1.275003679132E+01
  1.291041640859E+01  1.307281335312E+01  1.323725299974E+01  1.340376104248E+01
  1.357236349858E+01  1.374308671249E+01  1.391595736008E+01  1.409100245274E+01
  1.426824934161E+01  1.444772572188E+01  1.462945963710E+01  1.481347948357E+01
  1.499981401476E+01  1.518849234582E+01  1.537954395812E+01  1.557299870388E+01
  1.576888681077E+01  1.596723888673E+01  1.616808592466E+01  1.637145930733E+01
  1.657739081223E+01  1.678591261659E+01  1.699705730237E+01  1.721085786134E+01
  1.742734770027E+01  1.764656064616E+01  1.786853095147E+01  1.809329329950E+01
  1.832088280984E+01  1.855133504380E+01  1.878468601002E+01  1.902097217006E+01
  1.926023044412E+01  1.950249821678E+01  1.974781334288E+01  1.999621415340E+01
</grid-data>
</grid>
<valence-charge total-charge="6" is-unscreening-charge="yes"
 rescaled-to-z-pseudo="no">
<radfunc>
<data>
  3.239543060369E+00  3.242714967787E+00  3.252192064609E+00  3.268249266333E+00
  3.291032870111E+00  3.320696259125E+00  3.357935499880E+00  3.399538332893E+00
  3.450222313192E+00  3.509890882935E+00  3.577658507763E+00  3.651743315514E+00
  3.729459085262E+00  3.821428577711E+00  3.913460457511E+00  4.019527109540E+00
  4.120050173250E+00  4.232935127018E+00  4.359539618522E+00  4.501323597059E+00
  4.626722262211E+00  4.763664739539E+00  4.913013649905E+00  5.075650085449E+00
  5.252461533523E+00  5.394901601166E+00  5.546170288860E+00  5.706613177394E+00
  5.876553919753E+00  6.056286234289E+00  6.246064638491E+00  6.446093810448E+00
  6.656516472754E+00  6.877399707984E+00  7.108719637970E+00  7.350344433127E+00
  7.517030746483E+00  7.688073212930E+00  7.863328084078E+00  8.042616874740E+00
  8.225723334363E+00  8.412390350499E+00  8.602316814980E+00  8.795154490392E+00
  8.990504922159E+00  9.187916449933E+00  9.386881381128E+00  9.586833399076E+00
  9.787145288397E+00  9.987127070455E+00  1.018602465203E+01  1.038301910009E+01
  1.057722666435E+01  1.076769967682E+01  1.095342846261E+01  1.113334439853E+01
  1.130632425458E+01  1.147119594696E+01  1.162674581899E+01  1.177172754742E+01
  1.190487274460E+01  1.202490329121E+01  1.213054538967E+01  1.222054527299E+01
  1.225929727214E+01  1.229368644021E+01  1.232356958330E+01  1.234880821639E+01
  1.236926919510E+01  1.238482535481E+01  1.239535615356E+01  1.240074831465E+01
  1.240089646446E+01  1.239570376107E+01  1.238508250855E+01  1.236895475186E+01
  1.234725284702E+01  1.231992000096E+01  1.228691077561E+01  1.224819155043E+01
  1.220374093784E+01  1.215355014618E+01  1.209762328471E+01  1.203597760583E+01
  1.196864367967E+01  1.189566549708E+01  1.181710049722E+01  1.173301951682E+01
  1.164350665885E+01  1.154865907923E+01  1.144858669097E+01  1.134341178622E+01
  1.123326857773E+01  1.111830266223E+01  1.099867040934E+01  1.087453828083E+01
  1.074608208593E+01  1.061348617964E+01  1.047694261176E+01  1.033665023547E+01
  1.019281378476E+01  1.004564293097E+01  9.895351328782E+00  9.742155662553E+00
  9.586274703781E+00  9.427928390269E+00  9.267336937236E+00  9.104719989877E+00
  8.940295825976E+00  8.774280616046E+00  8.606887747115E+00  8.438327214739E+00
  8.268805086145E+00  8.098523035629E+00  7.927677951525E+00  7.756461612231E+00
  7.585060427093E+00  7.413655236374E+00  7.242421163215E+00  7.071527509498E+00
  6.901137686847E+00  6.731409173825E+00  6.562493490636E+00  6.394536183395E+00
  6.227676811305E+00  6.062048931811E+00  5.897780080951E+00  5.734991748588E+00
  5.573799350872E+00  5.414312204977E+00  5.256633513649E+00  5.100860369231E+00
  4.947083788302E+00  4.795388788630E+00  4.645854519595E+00  4.498554455297E+00
  4.353556656144E+00  4.210924099604E+00  4.070715074104E+00  3.932983621695E+00
  3.797780005376E+00  3.665151166008E+00  3.535141121961E+00  3.407791252140E+00
  3.283140390205E+00  3.161224638927E+00  3.042076805847E+00  2.925725462535E+00
  2.812193874611E+00  2.701499634819E+00  2.593655260010E+00  2.488667983993E+00
  2.386540099286E+00  2.287269092806E+00  2.190847848743E+00  2.097264843888E+00
  2.006504349594E+00  1.918546637439E+00  1.833368187912E+00  1.750941901248E+00
  1.671237309578E+00  1.594220789590E+00  1.519855774928E+00  1.448102967598E+00
  1.378920547680E+00  1.312264380710E+00  1.248088222076E+00  1.186343917909E+00
  1.126981601882E+00  1.069949887477E+00  1.015196055251E+00  9.626662347046E-01
  9.123055804039E-01  8.640584420284E-01  8.178685280806E-01  7.736790630194E-01
  7.314329376247E-01  6.910728524378E-01  6.525414541589E-01  6.157814649168E-01
  5.807358043616E-01  5.473477045618E-01  5.155608177168E-01  4.853193167249E-01
  4.565679886726E-01  4.292523213355E-01  4.033185828034E-01  3.787138943634E-01
  3.553862967922E-01  3.332848102267E-01  3.123594877974E-01  2.925614632199E-01
  2.738429925540E-01  2.561574903487E-01  2.394595603982E-01  2.237050213431E-01
  2.088509273542E-01  1.948555841404E-01  1.816785605259E-01  1.692806958411E-01
  1.576241033736E-01  1.466721701229E-01  1.363895531018E-01  1.267421724233E-01
  1.176972014102E-01  1.092230539558E-01  1.012893693648E-01  9.386699489194E-02
  8.692796619324E-02  8.044548589649E-02  7.439390049052E-02  6.874867572529E-02
  6.348637070692E-02  5.858461086371E-02  5.402205995097E-02  4.977839125404E-02
  4.583425814053E-02  4.217126410414E-02  3.877193243428E-02  3.561967563694E-02
  3.269876472414E-02  2.999429848118E-02  2.749217281250E-02  2.517905025956E-02
  2.304232977602E-02  2.107011683826E-02  1.925119396211E-02  1.757499168950E-02
  1.603156010211E-02  1.461154091273E-02  1.330614017878E-02  1.210710167666E-02
  1.100668096999E-02  9.997620199555E-03  9.073123617887E-03  8.226833886554E-03
  7.452809150137E-03  6.745500896605E-03  6.099732610120E-03  5.510679218821E-03
  4.973847336900E-03  4.485056297382E-03  4.040419969345E-03  3.636329350901E-03
  3.269435927103E-03  2.936635779990E-03  2.635054436319E-03  2.362032436964E-03
  2.115111610764E-03  1.892022034401E-03  1.690669659042E-03  1.509124583673E-03
  1.345609954476E-03  1.198491469120E-03  1.066267464529E-03  9.475595664867E-04
  8.411038793166E-04  7.457426939282E-04  6.604166925836E-04  5.841576289408E-04
  5.160814621786E-04  4.553819243294E-04  4.013245003234E-04  3.532408006740E-04
  3.105233072006E-04  2.726204726933E-04  2.390321559532E-04  2.093053742046E-04
  1.830303554497E-04  1.598368739306E-04  1.393908524641E-04  1.213912160257E-04
  1.055669815691E-04  9.167456968320E-05  7.949532429419E-05  6.883322722958E-05
  5.951279505606E-05  5.137714619349E-05  4.428622688574E-05  3.811518517615E-05
  3.275288258927E-05  2.810053376081E-05  2.407046478299E-05  2.058498154255E-05
  1.757533982250E-05  1.498080941665E-05  1.274782496664E-05  1.082921667524E-05
  9.183514476834E-06  7.774319655402E-06  6.569738293384E-06  5.541871309892E-06
  4.666356205534E-06  3.921955972621E-06  3.290190954580E-06  2.755009746989E-06
  2.302495525122E-06  1.920604459565E-06  1.598933142652E-06  1.328512194620E-06
  1.101623449788E-06  9.116383402911E-07  7.528752982757E-07  6.204741875303E-07
  5.102859527698E-07  4.187758396666E-07  3.429386918033E-07  2.802249724852E-07
  2.284762903518E-07  1.858693284888E-07  1.508671877933E-07  1.221772572323E-07
  9.871481686724E-08  7.957166462934E-08  6.398913532694E-08  5.133495074839E-08
  4.108340348021E-08  3.279843466221E-08  2.611921780439E-08  2.074790743438E-08
  1.643925314685E-08  1.299181698878E-08  1.024056541509E-08  8.050636647363E-09
  6.312110501093E-09  4.935630931089E-09  3.848751975305E-09  2.992895729669E-09
  2.320826714704E-09  1.794560733795E-09  1.383638288724E-09  1.063703007974E-09
  8.153345376413E-10  6.230931070781E-10  4.747396596986E-10  3.606011672517E-10
  2.730556429968E-10  2.061155428710E-10  1.550917893508E-10  1.163236550515E-10
  8.696227710911E-11  6.479770504068E-11  4.812117200128E-11  3.561577274877E-11
  2.626997525791E-11  1.930942501043E-11  1.414335453705E-11  1.032261421231E-11
  7.506917953823E-12  5.439370144475E-12  3.926725460379E-12  2.824146324682E-12
  2.023476052356E-12  1.444250020102E-12  1.026831272765E-12  7.271882676176E-13
  5.129371065275E-13  3.603536933796E-13  2.521269619434E-13  1.756760751687E-13
  1.218950983601E-13  8.422036948447E-14  5.794046989944E-14  3.968782044097E-14
  2.706568016757E-14  1.837565772687E-14  1.241951324240E-14  8.355629298259E-15
  5.595533735192E-15  3.729633678488E-15  2.474157600860E-15  1.633424094522E-15
  1.073135427006E-15  7.015640286679E-16  4.563627535723E-16  2.953627464112E-16
</data>
</radfunc>
</valence-charge>
<semilocal-potentials set="non_relativistic">
<slps n="2" l="s" rc="1.14200693028" flavor="Troullier-Martins">
<radfunc>
<data>
 -6.129244205690E+00 -6.129018104351E+00 -6.128343593572E+00 -6.127204311925E+00
 -6.125595405299E+00 -6.123513959233E+00 -6.120921976781E+00 -6.118053635188E+00
 -6.114597624523E+00 -6.110582168768E+00 -6.106090098231E+00 -6.101260796307E+00
 -6.096284304411E+00 -6.090510730113E+00 -6.084855767540E+00 -6.078486715263E+00
 -6.072593617510E+00 -6.066137853162E+00 -6.059096688540E+00 -6.051455381292E+00
 -6.044907286008E+00 -6.037977176417E+00 -6.030677283634E+00 -6.023029057283E+00
 -6.015065159929E+00 -6.008912283710E+00 -6.002632830709E+00 -5.996257982117E+00
 -5.989825570195E+00 -5.983380975168E+00 -5.976978121557E+00 -5.970680582735E+00
 -5.964562802414E+00 -5.958711441328E+00 -5.953226856311E+00 -5.948224717194E+00
 -5.945222775172E+00 -5.942537790694E+00 -5.940217703700E+00 -5.938314737882E+00
 -5.936885685618E+00 -5.935992200903E+00 -5.935701098084E+00 -5.936084653488E+00
 -5.937220906271E+00 -5.939193953805E+00 -5.942094235841E+00 -5.946018800319E+00
 -5.951071542153E+00 -5.957363404506E+00 -5.965012529976E+00 -5.974144346679E+00
 -5.984891571460E+00 -5.997394109276E+00 -6.011798824216E+00 -6.028259153616E+00
 -6.046934532174E+00 -6.067989588064E+00 -6.091593067569E+00 -6.117916438945E+00
 -6.147132120035E+00 -6.179411267742E+00 -6.214921061095E+00 -6.253821403455E+00
 -6.274590051588E+00 -6.296260963927E+00 -6.318850197324E+00 -6.342372473729E+00
 -6.366840986348E+00 -6.392267190784E+00 -6.418660580522E+00 -6.446028446150E+00
 -6.474375617768E+00 -6.503704190106E+00 -6.534013229912E+00 -6.565298465324E+00
 -6.597551957033E+00 -6.630761751166E+00 -6.664911514040E+00 -6.699980149088E+00
 -6.735941396530E+00 -6.772763416597E+00 -6.810408357452E+00 -6.848831909288E+00
 -6.887982846478E+00 -6.927802560108E+00 -6.968224583719E+00 -7.009174115624E+00
 -7.050567541797E+00 -7.092311963994E+00 -7.134304738483E+00 -7.176433031580E+00
 -7.218573399014E+00 -7.260591397070E+00 -7.302341234413E+00 -7.343665474519E+00
 -7.384394799676E+00 -7.424347848606E+00 -7.463331140859E+00 -7.501139102199E+00
 -7.537554206282E+00 -7.572347248945E+00 -7.605277772323E+00 -7.636094656849E+00
 -7.664536899834E+00 -7.690334599743E+00 -7.713210165477E+00 -7.732879769817E+00
 -7.749055065624E+00 -7.761445182436E+00 -7.769759019503E+00 -7.773707849192E+00
 -7.773008241809E+00 -7.767385319218E+00 -7.756576340121E+00 -7.740334614344E+00
 -7.718433736892E+00 -7.690672124858E+00 -7.656877831271E+00 -7.616913599783E+00
 -7.570682112364E+00 -7.518131369105E+00 -7.459260124436E+00 -7.394123287681E+00
 -7.322837177499E+00 -7.245584499374E+00 -7.162618892470E+00 -7.074268866486E+00
 -6.980940920019E+00 -6.883121598596E+00 -6.781378211803E+00 -6.676357883524E+00
 -6.568784555302E+00 -6.459453498132E+00 -6.349222809772E+00 -6.239001279881E+00
 -6.129731890284E+00 -6.022370078679E+00 -5.917855727069E+00 -5.817077637624E+00
 -5.720829025340E+00 -5.629752287083E+00 -5.544271000082E+00 -5.464506761444E+00
 -5.390178107086E+00 -5.320478347060E+00 -5.253927343518E+00 -5.188640701709E+00
 -5.124166300221E+00 -5.060493864781E+00 -4.997613296021E+00 -4.935514644664E+00
 -4.874188105158E+00 -4.813624010224E+00 -4.753812826099E+00 -4.694745148369E+00
 -4.636411698309E+00 -4.578803319637E+00 -4.521910975619E+00 -4.465725746465E+00
 -4.410238826968E+00 -4.355441524347E+00 -4.301325256256E+00 -4.247881548934E+00
 -4.195102035478E+00 -4.142978454203E+00 -4.091502647096E+00 -4.040666558330E+00
 -3.990462232845E+00 -3.940881814967E+00 -3.891917547082E+00 -3.843561768342E+00
 -3.795806913397E+00 -3.748645511168E+00 -3.702070183634E+00 -3.656073644650E+00
 -3.610648698777E+00 -3.565788240142E+00 -3.521485251308E+00 -3.477732802162E+00
 -3.434524048824E+00 -3.391852232565E+00 -3.349710678744E+00 -3.308092795755E+00
 -3.266992073995E+00 -3.226402084836E+00 -3.186316479620E+00 -3.146728988660E+00
 -3.107633420254E+00 -3.069023659717E+00 -3.030893668417E+00 -2.993237482834E+00
 -2.956049213618E+00 -2.919323044667E+00 -2.883053232219E+00 -2.847234103945E+00
 -2.811860058063E+00 -2.776925562460E+00 -2.742425153821E+00 -2.708353436778E+00
 -2.674705083059E+00 -2.641474830653E+00 -2.608657482990E+00 -2.576247908120E+00
 -2.544241037913E+00 -2.512631867262E+00 -2.481415453299E+00 -2.450586914622E+00
 -2.420141430528E+00 -2.390074240258E+00 -2.360380642250E+00 -2.331055993404E+00
 -2.302095708352E+00 -2.273495258744E+00 -2.245250172532E+00 -2.217356033273E+00
 -2.189808479439E+00 -2.162603203727E+00 -2.135735952393E+00 -2.109202524577E+00
 -2.082998771650E+00 -2.057120596563E+00 -2.031563953204E+00 -2.006324845766E+00
 -1.981399328120E+00 -1.956783503197E+00 -1.932473522376E+00 -1.908465584885E+00
 -1.884755937202E+00 -1.861340872469E+00 -1.838216729911E+00 -1.815379894263E+00
 -1.792826795201E+00 -1.770553906790E+00 -1.748557746922E+00 -1.726834876780E+00
 -1.705381900292E+00 -1.684195463605E+00 -1.663272254556E+00 -1.642609002157E+00
 -1.622202476077E+00 -1.602049486142E+00 -1.582146881835E+00 -1.562491551797E+00
 -1.543080423348E+00 -1.523910461999E+00 -1.504978670982E+00 -1.486282090778E+00
 -1.467817798653E+00 -1.449582908205E+00 -1.431574568906E+00 -1.413789965660E+00
 -1.396226318363E+00 -1.378880881464E+00 -1.361750943537E+00 -1.344833826858E+00
 -1.328126886986E+00 -1.311627512344E+00 -1.295333123819E+00 -1.279241174350E+00
 -1.263349148534E+00 -1.247654562233E+00 -1.232154962180E+00 -1.216847925601E+00
 -1.201731059834E+00 -1.186802001951E+00 -1.172058418394E+00 -1.157498004606E+00
 -1.143118484672E+00 -1.128917610961E+00 -1.114893163777E+00 -1.101042951010E+00
 -1.087364807792E+00 -1.073856596162E+00 -1.060516204727E+00 -1.047341548334E+00
 -1.034330567744E+00 -1.021481229310E+00 -1.008791524656E+00 -9.962594703667E-01
 -9.838831076750E-01 -9.716605021554E-01 -9.595897434224E-01 -9.476689448310E-01
 -9.358962431817E-01 -9.242697984292E-01 -9.127877933941E-01 -9.014484334793E-01
 -8.902499463886E-01 -8.791905818499E-01 -8.682686113412E-01 -8.574823278204E-01
 -8.468300454580E-01 -8.363100993738E-01 -8.259208453761E-01 -8.156606597048E-01
 -8.055279387772E-01 -7.955210989375E-01 -7.856385762085E-01 -7.758788260479E-01
 -7.662403231057E-01 -7.567215609865E-01 -7.473210520134E-01 -7.380373269955E-01
 -7.288689349979E-01 -7.198144431152E-01 -7.108724362470E-01 -7.020415168769E-01
 -6.933203048538E-01 -6.847074371758E-01 -6.762015677775E-01 -6.678013673193E-01
 -6.595055229795E-01 -6.513127382490E-01 -6.432217327284E-01 -6.352312419282E-01
 -6.273400170705E-01 -6.195468248944E-01 -6.118504474623E-01 -6.042496819702E-01
 -5.967433405592E-01 -5.893302501301E-01 -5.820092521595E-01 -5.747792025189E-01
 -5.676389712959E-01 -5.605874426175E-01 -5.536235144752E-01 -5.467460985533E-01
 -5.399541200584E-01 -5.332465175514E-01 -5.266222427813E-01 -5.200802605219E-01
 -5.136195484093E-01 -5.072390967825E-01 -5.009379085252E-01 -4.947149989101E-01
 -4.885693954450E-01 -4.825001377205E-01 -4.765062772601E-01 -4.705868773717E-01
 -4.647410130014E-01 -4.589677705885E-01 -4.532662479231E-01 -4.476355540048E-01
 -4.420748089033E-01 -4.365831436213E-01 -4.311596999579E-01 -4.258036303751E-01
 -4.205140978651E-01 -4.152902758193E-01 -4.101313478992E-01 -4.050365079086E-01
 -4.000049596679E-01 -3.950359168895E-01 -3.901286030546E-01 -3.852822512922E-01
 -3.804961042589E-01 -3.757694140210E-01 -3.711014419367E-01 -3.664914585417E-01
 -3.619387434343E-01 -3.574425851632E-01 -3.530022811163E-01 -3.486171374106E-01
 -3.442864687841E-01 -3.400095984882E-01 -3.357858581826E-01 -3.316145878299E-01
 -3.274951355935E-01 -3.234268577347E-01 -3.194091185128E-01 -3.154412900853E-01
 -3.115227524099E-01 -3.076528931477E-01 -3.038311075674E-01 -3.000567984505E-01
</data>
</radfunc>
</slps>
<slps n="2" l="p" rc="1.14200693028" flavor="Troullier-Martins">
<radfunc>
<data>
 -1.848146381131E+01 -1.848123761326E+01 -1.848056166214E+01 -1.847941599492E+01
 -1.847778948725E+01 -1.847567004665E+01 -1.847300608370E+01 -1.847002514068E+01
 -1.846638567616E+01 -1.846208847836E+01 -1.845718918491E+01 -1.845180716369E+01
 -1.844612842741E+01 -1.843935926459E+01 -1.843252639852E+01 -1.842457006439E+01
 -1.841694098391E+01 -1.840826113846E+01 -1.839837179410E+01 -1.838708484932E+01
 -1.837689963505E+01 -1.836554193154E+01 -1.835285446166E+01 -1.833865360162E+01
 -1.832272418692E+01 -1.830949222927E+01 -1.829502360771E+01 -1.827917900421E+01
 -1.826180046168E+01 -1.824270875809E+01 -1.822170044881E+01 -1.819854454923E+01
 -1.817297883153E+01 -1.814470571258E+01 -1.811338771506E+01 -1.807864249222E+01
 -1.805336359584E+01 -1.802622857526E+01 -1.799708375572E+01 -1.796576273474E+01
 -1.793208551567E+01 -1.789585762175E+01 -1.785686919880E+01 -1.781489411627E+01
 -1.776968907901E+01 -1.772099276466E+01 -1.766852500447E+01 -1.761198602899E+01
 -1.755105580372E+01 -1.748539348420E+01 -1.741463702439E+01 -1.733840297783E+01
 -1.725628653595E+01 -1.716786185409E+01 -1.707268272188E+01 -1.697028364058E+01
 -1.686018137665E+01 -1.674187706632E+01 -1.661485895193E+01 -1.647860583516E+01
 -1.633259133591E+01 -1.617628904711E+01 -1.600917867536E+01 -1.583075325315E+01
 -1.573714464785E+01 -1.564052750140E+01 -1.554084611416E+01 -1.543804740828E+01
 -1.533208129677E+01 -1.522290107276E+01 -1.511046381890E+01 -1.499473083661E+01
 -1.487566809468E+01 -1.475324669660E+01 -1.462744336584E+01 -1.449824094778E+01
 -1.436562892718E+01 -1.422960395934E+01 -1.409017041326E+01 -1.394734092439E+01
 -1.380113695455E+01 -1.365158935603E+01 -1.349873893670E+01 -1.334263702248E+01
 -1.318334601307E+01 -1.302093992673E+01 -1.285550492908E+01 -1.268713984095E+01
 -1.251595661953E+01 -1.234208080688E+01 -1.216565193952E+01 -1.198682391230E+01
 -1.180576528949E+01 -1.162265955584E+01 -1.143770529973E+01 -1.125111632075E+01
 -1.106312165332E+01 -1.087396549822E+01 -1.068390705340E+01 -1.049322023556E+01
 -1.030219328369E+01 -1.011112823596E+01 -9.920340270910E+00 -9.730156904255E+00
 -9.540917032221E+00 -9.352969812402E+00 -9.166673372967E+00 -8.982393340831E+00
 -8.800501179158E+00 -8.621372324218E+00 -8.445384111193E+00 -8.272913478018E+00
 -8.104334435787E+00 -7.940015293691E+00 -7.780315625958E+00 -7.625582967949E+00
 -7.476149228589E+00 -7.332326806910E+00 -7.194404401915E+00 -7.062642507657E+00
 -6.937268589781E+00 -6.818471946465E+00 -6.706398266314E+00 -6.601143909277E+00
 -6.502749954905E+00 -6.411196086498E+00 -6.326394411039E+00 -6.248183354688E+00
 -6.176321823488E+00 -6.110483880259E+00 -6.050254263032E+00 -5.995125159235E+00
 -5.944494754638E+00 -5.897668198065E+00 -5.853861763234E+00 -5.812211148855E+00
 -5.771785038302E+00 -5.731605242068E+00 -5.690674971591E+00 -5.648017044802E+00
 -5.602724106744E+00 -5.554023270238E+00 -5.501357953220E+00 -5.444490126864E+00
 -5.383626712450E+00 -5.319604156398E+00 -5.253926068747E+00 -5.188639705746E+00
 -5.124165520725E+00 -5.060493256366E+00 -4.997612822444E+00 -4.935514277061E+00
 -4.874187820609E+00 -4.813623790581E+00 -4.753812657032E+00 -4.694745018597E+00
 -4.636411598979E+00 -4.578803243819E+00 -4.521910917908E+00 -4.465725702657E+00
 -4.410238793803E+00 -4.355441499305E+00 -4.301325237395E+00 -4.247881534763E+00
 -4.195102024854E+00 -4.142978446255E+00 -4.091502641161E+00 -4.040666553906E+00
 -3.990462229550E+00 -3.940881812515E+00 -3.891917545258E+00 -3.843561766984E+00
 -3.795806912386E+00 -3.748645510414E+00 -3.702070183070E+00 -3.656073644226E+00
 -3.610648698457E+00 -3.565788239900E+00 -3.521485251123E+00 -3.477732802020E+00
 -3.434524048714E+00 -3.391852232479E+00 -3.349710678676E+00 -3.308092795701E+00
 -3.266992073951E+00 -3.226402084801E+00 -3.186316479592E+00 -3.146728988636E+00
 -3.107633420235E+00 -3.069023659701E+00 -3.030893668404E+00 -2.993237482823E+00
 -2.956049213608E+00 -2.919323044659E+00 -2.883053232212E+00 -2.847234103939E+00
 -2.811860058058E+00 -2.776925562456E+00 -2.742425153818E+00 -2.708353436775E+00
 -2.674705083056E+00 -2.641474830651E+00 -2.608657482988E+00 -2.576247908119E+00
 -2.544241037912E+00 -2.512631867261E+00 -2.481415453298E+00 -2.450586914622E+00
 -2.420141430528E+00 -2.390074240258E+00 -2.360380642249E+00 -2.331055993403E+00
 -2.302095708352E+00 -2.273495258744E+00 -2.245250172531E+00 -2.217356033273E+00
 -2.189808479438E+00 -2.162603203727E+00 -2.135735952393E+00 -2.109202524577E+00
 -2.082998771650E+00 -2.057120596563E+00 -2.031563953204E+00 -2.006324845766E+00
 -1.981399328120E+00 -1.956783503197E+00 -1.932473522376E+00 -1.908465584885E+00
 -1.884755937202E+00 -1.861340872469E+00 -1.838216729911E+00 -1.815379894263E+00
 -1.792826795201E+00 -1.770553906790E+00 -1.748557746922E+00 -1.726834876780E+00
 -1.705381900292E+00 -1.684195463605E+00 -1.663272254556E+00 -1.642609002157E+00
 -1.622202476077E+00 -1.602049486142E+00 -1.582146881835E+00 -1.562491551797E+00
 -1.543080423348E+00 -1.523910461999E+00 -1.504978670982E+00 -1.486282090778E+00
 -1.467817798653E+00 -1.449582908205E+00 -1.431574568906E+00 -1.413789965660E+00
 -1.396226318363E+00 -1.378880881464E+00 -1.361750943537E+00 -1.344833826858E+00
 -1.328126886986E+00 -1.311627512344E+00 -1.295333123819E+00 -1.279241174350E+00
 -1.263349148534E+00 -1.247654562233E+00 -1.232154962180E+00 -1.216847925601E+00
 -1.201731059834E+00 -1.186802001951E+00 -1.172058418394E+00 -1.157498004606E+00
 -1.143118484672E+00 -1.128917610961E+00 -1.114893163777E+00 -1.101042951010E+00
 -1.087364807792E+00 -1.073856596162E+00 -1.060516204727E+00 -1.047341548334E+00
 -1.034330567744E+00 -1.021481229310E+00 -1.008791524656E+00 -9.962594703667E-01
 -9.838831076750E-01 -9.716605021554E-01 -9.595897434224E-01 -9.476689448310E-01
 -9.358962431817E-01 -9.242697984292E-01 -9.127877933941E-01 -9.014484334793E-01
 -8.902499463886E-01 -8.791905818499E-01 -8.682686113412E-01 -8.574823278204E-01
 -8.468300454580E-01 -8.363100993738E-01 -8.259208453761E-01 -8.156606597048E-01
 -8.055279387772E-01 -7.955210989375E-01 -7.856385762085E-01 -7.758788260479E-01
 -7.662403231057E-01 -7.567215609865E-01 -7.473210520134E-01 -7.380373269955E-01
 -7.288689349979E-01 -7.198144431152E-01 -7.108724362470E-01 -7.020415168769E-01
 -6.933203048538E-01 -6.847074371758E-01 -6.762015677775E-01 -6.678013673193E-01
 -6.595055229795E-01 -6.513127382490E-01 -6.432217327284E-01 -6.352312419282E-01
 -6.273400170705E-01 -6.195468248944E-01 -6.118504474623E-01 -6.042496819702E-01
 -5.967433405592E-01 -5.893302501301E-01 -5.820092521595E-01 -5.747792025189E-01
 -5.676389712959E-01 -5.605874426175E-01 -5.536235144752E-01 -5.467460985533E-01
 -5.399541200584E-01 -5.332465175514E-01 -5.266222427813E-01 -5.200802605219E-01
 -5.136195484093E-01 -5.072390967825E-01 -5.009379085252E-01 -4.947149989101E-01
 -4.885693954450E-01 -4.825001377205E-01 -4.765062772601E-01 -4.705868773717E-01
 -4.647410130014E-01 -4.589677705885E-01 -4.532662479231E-01 -4.476355540048E-01
 -4.420748089033E-01 -4.365831436213E-01 -4.311596999579E-01 -4.258036303751E-01
 -4.205140978651E-01 -4.152902758193E-01 -4.101313478992E-01 -4.050365079086E-01
 -4.000049596679E-01 -3.950359168895E-01 -3.901286030546E-01 -3.852822512922E-01
 -3.804961042589E-01 -3.757694140210E-01 -3.711014419367E-01 -3.664914585417E-01
 -3.619387434343E-01 -3.574425851632E-01 -3.530022811163E-01 -3.486171374106E-01
 -3.442864687841E-01 -3.400095984882E-01 -3.357858581826E-01 -3.316145878299E-01
 -3.274951355935E-01 -3.234268577347E-01 -3.194091185128E-01 -3.154412900853E-01
 -3.115227524099E-01 -3.076528931477E-01 -3.038311075674E-01 -3.000567984505E-01
</data>
</radfunc>
</slps>
<slps n="3" l="d" rc="1.14200693028" flavor="Troullier-Martins">
<radfunc>
<data>
 -1.408699113093E+01 -1.408676497762E+01 -1.408608969279E+01 -1.408494697936E+01
 -1.408332861297E+01 -1.408122674510E+01 -1.407859607010E+01 -1.407566719400E+01
 -1.407211254602E+01 -1.406794558335E+01 -1.406323448958E+01 -1.405810785049E+01
 -1.405275350263E+01 -1.404644410224E+01 -1.404015502272E+01 -1.403293121806E+01
 -1.402610300572E+01 -1.401844881839E+01 -1.400987237766E+01 -1.400026511112E+01
 -1.399175482140E+01 -1.398243504904E+01 -1.397222599812E+01 -1.396103765283E+01
 -1.394876779562E+01 -1.393878600039E+01 -1.392807486004E+01 -1.391657236931E+01
 -1.390420919292E+01 -1.389090757250E+01 -1.387658007764E+01 -1.386112818437E+01
 -1.384444066412E+01 -1.382639176620E+01 -1.380683917725E+01 -1.378562174233E+01
 -1.377046269656E+01 -1.375442316722E+01 -1.373743806388E+01 -1.371943671101E+01
 -1.370034240480E+01 -1.368007194774E+01 -1.365853516228E+01 -1.363563438526E+01
 -1.361126394597E+01 -1.358530963084E+01 -1.355764813942E+01 -1.352814653687E+01
 -1.349666170976E+01 -1.346303983326E+01 -1.342711585967E+01 -1.338871303978E+01
 -1.334764249102E+01 -1.330370282830E+01 -1.325667987632E+01 -1.320634648461E+01
 -1.315246246990E+01 -1.309477471322E+01 -1.303301744300E+01 -1.296691273841E+01
 -1.289617129110E+01 -1.282049346697E+01 -1.273957071267E+01 -1.265308735502E+01
 -1.260766039719E+01 -1.256072284361E+01 -1.251223431250E+01 -1.246215448918E+01
 -1.241044324245E+01 -1.235706075081E+01 -1.230196763894E+01 -1.224512512468E+01
 -1.218649517702E+01 -1.212604068527E+01 -1.206372563989E+01 -1.199951532508E+01
 -1.193337652345E+01 -1.186527773284E+01 -1.179518939552E+01 -1.172308413967E+01
 -1.164893703315E+01 -1.157272584945E+01 -1.149443134554E+01 -1.141403755130E+01
 -1.133153207000E+01 -1.124690638929E+01 -1.116015620194E+01 -1.107128173528E+01
 -1.098028808834E+01 -1.088718557541E+01 -1.079199007428E+01 -1.069472337763E+01
 -1.059541354541E+01 -1.049409525589E+01 -1.039081015285E+01 -1.028560718591E+01
 -1.017854294077E+01 -1.006968195561E+01 -9.959097019783E+00 -9.846869450013E+00
 -9.733089339459E+00 -9.617855773957E+00 -9.501277009586E+00 -9.383470604981E+00
 -9.264563501257E+00 -9.144692041789E+00 -9.024001923425E+00 -8.902648069995E+00
 -8.780794418303E+00 -8.658613606027E+00 -8.536286550216E+00 -8.414001904349E+00
 -8.291955381242E+00 -8.170348928427E+00 -8.049389742129E+00 -7.929289105586E+00
 -7.810261037331E+00 -7.692520735207E+00 -7.576282802524E+00 -7.461759243888E+00
 -7.349157220169E+00 -7.238676554898E+00 -7.130506988429E+00 -7.024825181715E+00
 -6.921791478968E+00 -6.821546448118E+00 -6.724207230432E+00 -6.629863746454E+00
 -6.538574825206E+00 -6.450364348154E+00 -6.365217529570E+00 -6.283077491658E+00
 -6.203842337134E+00 -6.127362975139E+00 -6.053442019717E+00 -5.981834155165E+00
 -5.912248451041E+00 -5.844353213585E+00 -5.777784081949E+00 -5.712156219959E+00
 -5.647081620309E+00 -5.582192732440E+00 -5.517173852940E+00 -5.451801984488E+00
 -5.385999183700E+00 -5.319906501433E+00 -5.253925752429E+00 -5.188639705746E+00
 -5.124165520725E+00 -5.060493256366E+00 -4.997612822444E+00 -4.935514277061E+00
 -4.874187820609E+00 -4.813623790581E+00 -4.753812657032E+00 -4.694745018597E+00
 -4.636411598979E+00 -4.578803243819E+00 -4.521910917908E+00 -4.465725702657E+00
 -4.410238793803E+00 -4.355441499305E+00 -4.301325237395E+00 -4.247881534763E+00
 -4.195102024854E+00 -4.142978446255E+00 -4.091502641161E+00 -4.040666553906E+00
 -3.990462229550E+00 -3.940881812515E+00 -3.891917545258E+00 -3.843561766984E+00
 -3.795806912386E+00 -3.748645510414E+00 -3.702070183070E+00 -3.656073644226E+00
 -3.610648698457E+00 -3.565788239900E+00 -3.521485251123E+00 -3.477732802020E+00
 -3.434524048714E+00 -3.391852232479E+00 -3.349710678676E+00 -3.308092795701E+00
 -3.266992073951E+00 -3.226402084801E+00 -3.186316479592E+00 -3.146728988636E+00
 -3.107633420235E+00 -3.069023659701E+00 -3.030893668404E+00 -2.993237482823E+00
 -2.956049213608E+00 -2.919323044659E+00 -2.883053232212E+00 -2.847234103939E+00
 -2.811860058058E+00 -2.776925562456E+00 -2.742425153818E+00 -2.708353436775E+00
 -2.674705083056E+00 -2.641474830651E+00 -2.608657482988E+00 -2.576247908119E+00
 -2.544241037912E+00 -2.512631867261E+00 -2.481415453298E+00 -2.450586914622E+00
 -2.420141430528E+00 -2.390074240258E+00 -2.360380642249E+00 -2.331055993403E+00
 -2.302095708352E+00 -2.273495258744E+00 -2.245250172531E+00 -2.217356033273E+00
 -2.189808479438E+00 -2.162603203727E+00 -2.135735952393E+00 -2.109202524577E+00
 -2.082998771650E+00 -2.057120596563E+00 -2.031563953204E+00 -2.006324845766E+00
 -1.981399328120E+00 -1.956783503197E+00 -1.932473522376E+00 -1.908465584885E+00
 -1.884755937202E+00 -1.861340872469E+00 -1.838216729911E+00 -1.815379894263E+00
 -1.792826795201E+00 -1.770553906790E+00 -1.748557746922E+00 -1.726834876780E+00
 -1.705381900292E+00 -1.684195463605E+00 -1.663272254556E+00 -1.642609002157E+00
 -1.622202476077E+00 -1.602049486142E+00 -1.582146881835E+00 -1.562491551797E+00
 -1.543080423348E+00 -1.523910461999E+00 -1.504978670982E+00 -1.486282090778E+00
 -1.467817798653E+00 -1.449582908205E+00 -1.431574568906E+00 -1.413789965660E+00
 -1.396226318363E+00 -1.378880881464E+00 -1.361750943537E+00 -1.344833826858E+00
 -1.328126886986E+00 -1.311627512344E+00 -1.295333123819E+00 -1.279241174350E+00
 -1.263349148534E+00 -1.247654562233E+00 -1.232154962180E+00 -1.216847925601E+00
 -1.201731059834E+00 -1.186802001951E+00 -1.172058418394E+00 -1.157498004606E+00
 -1.143118484672E+00 -1.128917610961E+00 -1.114893163777E+00 -1.101042951010E+00
 -1.087364807792E+00 -1.073856596162E+00 -1.060516204727E+00 -1.047341548334E+00
 -1.034330567744E+00 -1.021481229310E+00 -1.008791524656E+00 -9.962594703667E-01
 -9.838831076750E-01 -9.716605021554E-01 -9.595897434224E-01 -9.476689448310E-01
 -9.358962431817E-01 -9.242697984292E-01 -9.127877933941E-01 -9.014484334793E-01
 -8.902499463886E-01 -8.791905818499E-01 -8.682686113412E-01 -8.574823278204E-01
 -8.468300454580E-01 -8.363100993738E-01 -8.259208453761E-01 -8.156606597048E-01
 -8.055279387772E-01 -7.955210989375E-01 -7.856385762085E-01 -7.758788260479E-01
 -7.662403231057E-01 -7.567215609865E-01 -7.473210520134E-01 -7.380373269955E-01
 -7.288689349979E-01 -7.198144431152E-01 -7.108724362470E-01 -7.020415168769E-01
 -6.933203048538E-01 -6.847074371758E-01 -6.762015677775E-01 -6.678013673193E-01
 -6.595055229795E-01 -6.513127382490E-01 -6.432217327284E-01 -6.352312419282E-01
 -6.273400170705E-01 -6.195468248944E-01 -6.118504474623E-01 -6.042496819702E-01
 -5.967433405592E-01 -5.893302501301E-01 -5.820092521595E-01 -5.747792025189E-01
 -5.676389712959E-01 -5.605874426175E-01 -5.536235144752E-01 -5.467460985533E-01
 -5.399541200584E-01 -5.332465175514E-01 -5.266222427813E-01 -5.200802605219E-01
 -5.136195484093E-01 -5.072390967825E-01 -5.009379085252E-01 -4.947149989101E-01
 -4.885693954450E-01 -4.825001377205E-01 -4.765062772601E-01 -4.705868773717E-01
 -4.647410130014E-01 -4.589677705885E-01 -4.532662479231E-01 -4.476355540048E-01
 -4.420748089033E-01 -4.365831436213E-01 -4.311596999579E-01 -4.258036303751E-01
 -4.205140978651E-01 -4.152902758193E-01 -4.101313478992E-01 -4.050365079086E-01
 -4.000049596679E-01 -3.950359168895E-01 -3.901286030546E-01 -3.852822512922E-01
 -3.804961042589E-01 -3.757694140210E-01 -3.711014419367E-01 -3.664914585417E-01
 -3.619387434343E-01 -3.574425851632E-01 -3.530022811163E-01 -3.486171374106E-01
 -3.442864687841E-01 -3.400095984882E-01 -3.357858581826E-01 -3.316145878299E-01
 -3.274951355935E-01 -3.234268577347E-01 -3.194091185128E-01 -3.154412900853E-01
 -3.115227524099E-01 -3.076528931477E-01 -3.038311075674E-01 -3.000567984505E-01
</data>
</radfunc>
</slps>
<slps n="4" l="f" rc="1.14200693028" flavor="Troullier-Martins">
<radfunc>
<data>
 -1.280235055272E+01 -1.280212440907E+01 -1.280144926660E+01 -1.280030718328E+01
 -1.279869055280E+01 -1.279659243125E+01 -1.279396885254E+01 -1.279105107612E+01
 -1.278751451022E+01 -1.278337531442E+01 -1.277870434974E+01 -1.277363217106E+01
 -1.276834700821E+01 -1.276213567999E+01 -1.275596261534E+01 -1.274889512235E+01
 -1.274223783817E+01 -1.273480260186E+01 -1.272650649961E+01 -1.271725798765E+01
 -1.270910553909E+01 -1.270022128850E+01 -1.269054206656E+01 -1.267999796190E+01
 -1.266851103856E+01 -1.265922486526E+01 -1.264931823005E+01 -1.263874580247E+01
 -1.262745738355E+01 -1.261539715276E+01 -1.260250280000E+01 -1.258870452915E+01
 -1.257392391947E+01 -1.255807263044E+01 -1.254105093539E+01 -1.252274606973E+01
 -1.250976758813E+01 -1.249612050455E+01 -1.248175926175E+01 -1.246663434701E+01
 -1.245069195649E+01 -1.243387363949E+01 -1.241611592272E+01 -1.239734991531E+01
 -1.237750089550E+01 -1.235648788037E+01 -1.233422318081E+01 -1.231061194430E+01
 -1.228555168902E+01 -1.225893183367E+01 -1.223063322860E+01 -1.220052769458E+01
 -1.216847757766E+01 -1.213433532930E+01 -1.209794312345E+01 -1.205913252358E+01
 -1.201772421531E+01 -1.197352782233E+01 -1.192634182599E+01 -1.187595361186E+01
 -1.182213966917E+01 -1.176466597251E+01 -1.170328857806E+01 -1.163775447012E+01
 -1.160334737343E+01 -1.156780269658E+01 -1.153108682092E+01 -1.149316583523E+01
 -1.145400560277E+01 -1.141357183531E+01 -1.137183017447E+01 -1.132874628086E+01
 -1.128428593120E+01 -1.123841512400E+01 -1.119110019407E+01 -1.114230793623E+01
 -1.109200573853E+01 -1.104016172538E+01 -1.098674491084E+01 -1.093172536234E+01
 -1.087507437504E+01 -1.081676465706E+01 -1.075677052572E+01 -1.069506811478E+01
 -1.063163559273E+01 -1.056645339207E+01 -1.049950444937E+01 -1.043077445579E+01
 -1.036025211770E+01 -1.028792942682E+01 -1.021380193925E+01 -1.013786906236E+01
 -1.006013434869E+01 -9.980605795354E+00 -9.899296147689E+00 -9.816223205151E+00
 -9.731410127584E+00 -9.644885739433E+00 -9.556684829243E+00 -9.466848441390E+00
 -9.375424156624E+00 -9.282466357551E+00 -9.188036474774E+00 -9.092203208882E+00
 -8.995042723007E+00 -8.896638800119E+00 -8.797082958649E+00 -8.696474519468E+00
 -8.594920616632E+00 -8.492536143696E+00 -8.389443626781E+00 -8.285773014978E+00
 -8.181661378112E+00 -8.077252501342E+00 -7.972696365649E+00 -7.868148502930E+00
 -7.763769214215E+00 -7.659722639591E+00 -7.556175668706E+00 -7.453296681397E+00
 -7.351254109128E+00 -7.250214809637E+00 -7.150342249644E+00 -7.051794493830E+00
 -6.954722002800E+00 -6.859265248594E+00 -6.765552163874E+00 -6.673695450461E+00
 -6.583789784906E+00 -6.495908973699E+00 -6.410103129038E+00 -6.326395958531E+00
 -6.244782289431E+00 -6.165225980804E+00 -6.087658416468E+00 -6.011977818512E+00
 -5.938049677112E+00 -5.865708658527E+00 -5.794762431226E+00 -5.724997942080E+00
 -5.656190782606E+00 -5.588118412170E+00 -5.520578153950E+00 -5.453411054250E+00
 -5.386560714041E+00 -5.319978984473E+00 -5.253925199853E+00 -5.188638788322E+00
 -5.124164802697E+00 -5.060492695928E+00 -4.997612386211E+00 -4.935513938446E+00
 -4.874187558499E+00 -4.813623588258E+00 -4.753812501296E+00 -4.694744899059E+00
 -4.636411507481E+00 -4.578803173980E+00 -4.521910864749E+00 -4.465725662304E+00
 -4.410238763254E+00 -4.355441476238E+00 -4.301325220021E+00 -4.247881521709E+00
 -4.195102015068E+00 -4.142978438934E+00 -4.091502635694E+00 -4.040666549830E+00
 -3.990462226515E+00 -3.940881810257E+00 -3.891917543578E+00 -3.843561765734E+00
 -3.795806911455E+00 -3.748645509719E+00 -3.702070182550E+00 -3.656073643836E+00
 -3.610648698163E+00 -3.565788239676E+00 -3.521485250952E+00 -3.477732801889E+00
 -3.434524048612E+00 -3.391852232400E+00 -3.349710678613E+00 -3.308092795651E+00
 -3.266992073911E+00 -3.226402084768E+00 -3.186316479565E+00 -3.146728988615E+00
 -3.107633420217E+00 -3.069023659686E+00 -3.030893668392E+00 -2.993237482813E+00
 -2.956049213600E+00 -2.919323044652E+00 -2.883053232206E+00 -2.847234103934E+00
 -2.811860058054E+00 -2.776925562452E+00 -2.742425153815E+00 -2.708353436773E+00
 -2.674705083054E+00 -2.641474830649E+00 -2.608657482987E+00 -2.576247908118E+00
 -2.544241037911E+00 -2.512631867260E+00 -2.481415453298E+00 -2.450586914621E+00
 -2.420141430527E+00 -2.390074240257E+00 -2.360380642249E+00 -2.331055993403E+00
 -2.302095708352E+00 -2.273495258743E+00 -2.245250172531E+00 -2.217356033273E+00
 -2.189808479438E+00 -2.162603203727E+00 -2.135735952393E+00 -2.109202524577E+00
 -2.082998771650E+00 -2.057120596562E+00 -2.031563953204E+00 -2.006324845766E+00
 -1.981399328120E+00 -1.956783503196E+00 -1.932473522376E+00 -1.908465584885E+00
 -1.884755937202E+00 -1.861340872469E+00 -1.838216729911E+00 -1.815379894263E+00
 -1.792826795201E+00 -1.770553906790E+00 -1.748557746922E+00 -1.726834876780E+00
 -1.705381900292E+00 -1.684195463605E+00 -1.663272254556E+00 -1.642609002157E+00
 -1.622202476077E+00 -1.602049486142E+00 -1.582146881835E+00 -1.562491551797E+00
 -1.543080423348E+00 -1.523910461999E+00 -1.504978670982E+00 -1.486282090778E+00
 -1.467817798653E+00 -1.449582908205E+00 -1.431574568906E+00 -1.413789965660E+00
 -1.396226318363E+00 -1.378880881464E+00 -1.361750943537E+00 -1.344833826858E+00
 -1.328126886986E+00 -1.311627512344E+00 -1.295333123819E+00 -1.279241174350E+00
 -1.263349148534E+00 -1.247654562233E+00 -1.232154962180E+00 -1.216847925601E+00
 -1.201731059834E+00 -1.186802001951E+00 -1.172058418394E+00 -1.157498004606E+00
 -1.143118484672E+00 -1.128917610961E+00 -1.114893163777E+00 -1.101042951010E+00
 -1.087364807792E+00 -1.073856596162E+00 -1.060516204727E+00 -1.047341548334E+00
 -1.034330567744E+00 -1.021481229310E+00 -1.008791524656E+00 -9.962594703667E-01
 -9.838831076750E-01 -9.716605021554E-01 -9.595897434224E-01 -9.476689448310E-01
 -9.358962431817E-01 -9.242697984292E-01 -9.127877933941E-01 -9.014484334793E-01
 -8.902499463886E-01 -8.791905818499E-01 -8.682686113412E-01 -8.574823278204E-01
 -8.468300454580E-01 -8.363100993738E-01 -8.259208453761E-01 -8.156606597048E-01
 -8.055279387772E-01 -7.955210989375E-01 -7.856385762085E-01 -7.758788260479E-01
 -7.662403231057E-01 -7.567215609865E-01 -7.473210520134E-01 -7.380373269955E-01
 -7.288689349979E-01 -7.198144431152E-01 -7.108724362470E-01 -7.020415168769E-01
 -6.933203048538E-01 -6.847074371758E-01 -6.762015677775E-01 -6.678013673193E-01
 -6.595055229795E-01 -6.513127382490E-01 -6.432217327284E-01 -6.352312419282E-01
 -6.273400170705E-01 -6.195468248944E-01 -6.118504474623E-01 -6.042496819702E-01
 -5.967433405592E-01 -5.893302501301E-01 -5.820092521595E-01 -5.747792025189E-01
 -5.676389712959E-01 -5.605874426175E-01 -5.536235144752E-01 -5.467460985533E-01
 -5.399541200584E-01 -5.332465175514E-01 -5.266222427813E-01 -5.200802605219E-01
 -5.136195484093E-01 -5.072390967825E-01 -5.009379085252E-01 -4.947149989101E-01
 -4.885693954450E-01 -4.825001377205E-01 -4.765062772601E-01 -4.705868773717E-01
 -4.647410130014E-01 -4.589677705885E-01 -4.532662479231E-01 -4.476355540048E-01
 -4.420748089033E-01 -4.365831436213E-01 -4.311596999579E-01 -4.258036303751E-01
 -4.205140978651E-01 -4.152902758193E-01 -4.101313478992E-01 -4.050365079086E-01
 -4.000049596679E-01 -3.950359168895E-01 -3.901286030546E-01 -3.852822512922E-01
 -3.804961042589E-01 -3.757694140210E-01 -3.711014419367E-01 -3.664914585417E-01
 -3.619387434343E-01 -3.574425851632E-01 -3.530022811163E-01 -3.486171374106E-01
 -3.442864687841E-01 -3.400095984882E-01 -3.357858581826E-01 -3.316145878299E-01
 -3.274951355935E-01 -3.234268577347E-01 -3.194091185128E-01 -3.154412900853E-01
 -3.115227524099E-01 -3.076528931477E-01 -3.038311075674E-01 -3.000567984505E-01
</data>
</radfunc>
</slps>
</semilocal-potentials>
<pseudo-wave-functions set="non_relativistic">
<pswf n="2" l="s" energy_level="-0.871206431796">
<radfunc>
<data>
  1.272702451549E+00  1.272708348129E+00  1.272725974890E+00  1.272755870500E+00
  1.272798355006E+00  1.272853783836E+00  1.272923554782E+00  1.273001747333E+00
  1.273097360922E+00  1.273210424186E+00  1.273339496112E+00  1.273481413502E+00
  1.273631209500E+00  1.273809715116E+00  1.273989700205E+00  1.274198842875E+00
  1.274398770417E+00  1.274625307170E+00  1.274881967401E+00  1.275172717949E+00
  1.275432850440E+00  1.275720198473E+00  1.276037557885E+00  1.276387993927E+00
  1.276774860889E+00  1.277091109757E+00  1.277431568167E+00  1.277798005985E+00
  1.278192301322E+00  1.278616441566E+00  1.279072522706E+00  1.279562746341E+00
  1.280089413693E+00  1.280654915719E+00  1.281261718214E+00  1.281912340530E+00
  1.282371689274E+00  1.282852396071E+00  1.283355203410E+00  1.283880836607E+00
  1.284429994481E+00  1.285003338302E+00  1.285601478747E+00  1.286224960566E+00
  1.286874244620E+00  1.287549686897E+00  1.288251514080E+00  1.288979795185E+00
  1.289734408697E+00  1.290515004626E+00  1.291320960764E+00  1.292151332420E+00
  1.293004794771E+00  1.293879576940E+00  1.294773386771E+00  1.295683325261E+00
  1.296605789456E+00  1.297536362615E+00  1.298469690345E+00  1.299399341408E+00
  1.300317651873E+00  1.301215551346E+00  1.302082370094E+00  1.302905626037E+00
  1.303296464626E+00  1.303670790883E+00  1.304026427195E+00  1.304361035014E+00
  1.304672105740E+00  1.304956951302E+00  1.305212694443E+00  1.305436258742E+00
  1.305624358384E+00  1.305773487724E+00  1.305879910677E+00  1.305939649978E+00
  1.305948476365E+00  1.305901897756E+00  1.305795148485E+00  1.305623178674E+00
  1.305380643853E+00  1.305061894916E+00  1.304660968547E+00  1.304171578236E+00
  1.303587106050E+00  1.302900595308E+00  1.302104744354E+00  1.301191901618E+00
  1.300154062180E+00  1.298982866076E+00  1.297669598592E+00  1.296205192810E+00
  1.294580234700E+00  1.292784971044E+00  1.290809320510E+00  1.288642888209E+00
  1.286274984042E+00  1.283694645196E+00  1.280890663117E+00  1.277851615285E+00
  1.274565902114E+00  1.271021789279E+00  1.267207455738E+00  1.263111047678E+00
  1.258720738585E+00  1.254024795551E+00  1.249011651884E+00  1.243669985975E+00
  1.237988806312E+00  1.231957542373E+00  1.225566141030E+00  1.218805167954E+00
  1.211665913326E+00  1.204140501003E+00  1.196222000129E+00  1.187904537930E+00
  1.179183412300E+00  1.170055202547E+00  1.160517876471E+00  1.150570891783E+00
  1.140215289682E+00  1.129453778253E+00  1.118290803235E+00  1.106732603627E+00
  1.094787249540E+00  1.082464659748E+00  1.069776596438E+00  1.056736634844E+00
  1.043360105664E+00  1.029664008498E+00  1.015666894958E+00  1.001388720684E+00
  9.868506661052E-01  9.720749266375E-01  9.570844739359E-01  9.419027909436E-01
  9.265535848034E-01  9.110604832355E-01  8.954467217945E-01  8.797348315433E-01
  8.639463391771E-01  8.481014945794E-01  8.322190442616E-01  8.163160732419E-01
  8.004079427293E-01  7.845083566231E-01  7.686295964396E-01  7.527829532428E-01
  7.369792434175E-01  7.212290396111E-01  7.055425744809E-01  6.899297943705E-01
  6.744003472644E-01  6.589635715731E-01  6.436284948850E-01  6.284038292978E-01
  6.132979683713E-01  5.983189844753E-01  5.834746266554E-01  5.687723190104E-01
  5.542191595725E-01  5.398219196801E-01  5.255870438336E-01  5.115206500215E-01
  4.976285305045E-01  4.839161530513E-01  4.703886625987E-01  4.570508833336E-01
  4.439073211782E-01  4.309621666628E-01  4.182192981708E-01  4.056822855406E-01
  3.933543940077E-01  3.812385884708E-01  3.693375380655E-01  3.576536210288E-01
  3.461889298388E-01  3.349452766119E-01  3.239241987416E-01  3.131269647629E-01
  3.025545804264E-01  2.922077949650E-01  2.820871075390E-01  2.721927738436E-01
  2.625248128635E-01  2.530830137605E-01  2.438669428790E-01  2.348759508561E-01
  2.261091798223E-01  2.175655706789E-01  2.092438704404E-01  2.011426396285E-01
  1.932602597065E-01  1.855949405406E-01  1.781447278791E-01  1.709075108368E-01
  1.638810293753E-01  1.570628817677E-01  1.504505320392E-01  1.440413173735E-01
  1.378324554757E-01  1.318210518837E-01  1.260041072189E-01  1.203785243689E-01
  1.149411155931E-01  1.096886095453E-01  1.046176582050E-01  9.972484371085E-02
  9.500668508929E-02  9.045964487244E-02  8.608013559863E-02  8.186452618992E-02
  7.780914820079E-02  7.391030193271E-02  7.016426240923E-02  6.656728520672E-02
  6.311561213603E-02  5.980547677051E-02  5.663310981618E-02  5.359474431995E-02
  5.068662071214E-02  4.790499167982E-02  4.524612686750E-02  4.270631740227E-02
  4.028188024057E-02  3.796916233408E-02  3.576454461245E-02  3.366444578101E-02
  3.166532593165E-02  2.976368996574E-02  2.795609082775E-02  2.623913254902E-02
  2.460947310129E-02  2.306382705965E-02  2.159896807543E-02  2.021173115941E-02
  1.889901477629E-02  1.765778275178E-02  1.648506599372E-02  1.537796402932E-02
  1.433364636073E-02  1.334935364153E-02  1.242239867718E-02  1.155016725260E-02
  1.073011879062E-02  9.959786845062E-03  9.236779432842E-03  8.558779209483E-03
  7.923543492927E-03  7.328904140659E-03  6.772767285505E-03  6.253112935629E-03
  5.767994444518E-03  5.315537856916E-03  4.893941136857E-03  4.501473284101E-03
  4.136473345407E-03  3.797349327185E-03  3.482577016188E-03  3.190698714907E-03
  2.920321898451E-03  2.670117799642E-03  2.438819929096E-03  2.225222536998E-03
  2.028179023253E-03  1.846600302586E-03  1.679453131098E-03  1.525758400633E-03
  1.384589407194E-03  1.255070099462E-03  1.136373313311E-03  1.027718997998E-03
  9.283724394994E-04  8.376424862359E-04  7.548797821840E-04  6.794750121167E-04
  6.108571634502E-04  5.484918089029E-04  4.918794138887E-04  4.405536722827E-04
  3.940798739054E-04  3.520533067812E-04  3.140976969334E-04  2.798636881865E-04
  2.490273641573E-04  2.212888143313E-04  1.963707458423E-04  1.740171422983E-04
  1.539919707329E-04  1.360779375059E-04  1.200752937293E-04  1.058006905616E-04
  9.308608448835E-05  8.177769249807E-05  7.173499686357E-05  6.282979905466E-05
  5.494532213855E-05  4.797536086729E-05  4.182347850988E-05  3.640224935880E-05
  3.163254572678E-05  2.744286815043E-05  2.376871743065E-05  2.055200706775E-05
  1.774051458899E-05  1.528737021914E-05  1.315058130926E-05  1.129259091459E-05
  9.679868898932E-06  8.282533939406E-06  7.074004810685E-06  6.030679342193E-06
  5.131639463229E-06  4.358380779799E-06  3.694565161756E-06  3.125794859270E-06
  2.639406712656E-06  2.224285068763E-06  1.870692069498E-06  1.570114033224E-06
  1.315122706922E-06  1.099250225645E-06  9.168766753880E-07  7.631292154575E-07
  6.337917763961E-07  5.252244089778E-07  4.342914184349E-07  3.582974755317E-07
  2.949309520901E-07  2.422137828356E-07  1.984572077665E-07  1.622227994773E-07
  1.322882278480E-07  1.076172601543E-07  8.733353786922E-08  7.069771218961E-08
  5.708755860402E-08  4.598072663237E-08  3.693981424237E-08  2.959948742812E-08
  2.365539408709E-08  1.885464772823E-08  1.498768077461E-08  1.188128938507E-08
  9.392711914113E-09  7.404601465639E-09  5.820769586155E-09  4.562593098434E-09
  3.565989511362E-09  2.778878466822E-09  2.159057409905E-09  1.672429200927E-09
  1.291527829186E-09  9.942958373621E-10  7.630736150668E-10  5.837664582794E-10
  4.451603006435E-10  3.383613796812E-10  2.563388770294E-10  1.935528323773E-10
  1.456524358914E-10  1.092322082958E-10  8.163563098827E-11  6.079753537342E-11
  4.511804108487E-11  3.336208280701E-11  2.457961681372E-11  1.804247927688E-11
  1.319460362850E-11  9.612915482628E-12  6.976729741844E-12  5.043891931526E-12
  3.632248681429E-12  2.605312776962E-12  1.861216737081E-12  1.324234299643E-12
</data>
</radfunc>
</pswf>
<pswf n="2" l="p" energy_level="-0.338294140956">
<radfunc>
<data>
 -4.248185137001E-12  2.802627782279E-02  5.596706686069E-02  8.431229825385E-02
  1.129176304850E-01  1.417592581400E-01  1.712211634426E-01  1.990423544544E-01
  2.284012546049E-01  2.587282910807E-01  2.893404409374E-01  3.194657628159E-01
  3.482765315218E-01  3.795544088344E-01  4.084608136208E-01  4.394205636888E-01
  4.668687506054E-01  4.958819868831E-01  5.265196000424E-01  5.588364420505E-01
  5.859318113590E-01  6.141540299375E-01  6.435196095770E-01  6.740395877404E-01
  7.057183295635E-01  7.302359543200E-01  7.553984819556E-01  7.811974285022E-01
  8.076203937242E-01  8.346505593661E-01  8.622661424708E-01  8.904398024012E-01
  9.191380008814E-01  9.483203153041E-01  9.779387067767E-01  1.007936745972E+00
  1.028114347675E+00  1.048409828349E+00  1.068799200954E+00  1.089256268002E+00
  1.109752507647E+00  1.130256961005E+00  1.150736122083E+00  1.171153831914E+00
  1.191471178756E+00  1.211646406494E+00  1.231634833673E+00  1.251388785938E+00
  1.270857544971E+00  1.289987317392E+00  1.308721227441E+00  1.326999337636E+00
  1.344758701937E+00  1.361933456302E+00  1.378454951788E+00  1.394251935610E+00
  1.409250785708E+00  1.423375804412E+00  1.436549576720E+00  1.448693398421E+00
  1.459727778821E+00  1.469573022095E+00  1.478149890290E+00  1.485380349630E+00
  1.488466822164E+00  1.491188400086E+00  1.493536050590E+00  1.495500986047E+00
  1.497074696542E+00  1.498248983422E+00  1.499015993751E+00  1.499368255580E+00
  1.499298713903E+00  1.498800767162E+00  1.497868304152E+00  1.496495741148E+00
  1.494678059080E+00  1.492410840539E+00  1.489690306406E+00  1.486513351861E+00
  1.482877581524E+00  1.478781343459E+00  1.474223761765E+00  1.469204767457E+00
  1.463725127333E+00  1.457786470524E+00  1.451391312387E+00  1.444543075435E+00
  1.437246106973E+00  1.429505693108E+00  1.421328068810E+00  1.412720423729E+00
  1.403690903438E+00  1.394248605838E+00  1.384403572437E+00  1.374166774282E+00
  1.363550092295E+00  1.352566291853E+00  1.341228991452E+00  1.329552625331E+00
  1.317552400011E+00  1.305244244704E+00  1.292644755629E+00  1.279771134326E+00
  1.266641120078E+00  1.253272916662E+00  1.239685113663E+00  1.225896602680E+00
  1.211926488784E+00  1.197793997692E+00  1.183518379139E+00  1.169118807037E+00
  1.154614277055E+00  1.140023502314E+00  1.125364808000E+00  1.110656025708E+00
  1.095914388468E+00  1.081156427437E+00  1.066397871340E+00  1.051653549828E+00
  1.036937302010E+00  1.022261891519E+00  1.007638929557E+00  9.930788074889E-01
  9.785906406400E-01  9.641822250752E-01  9.498600092092E-01  9.356290821884E-01
  9.214931810230E-01  9.074547184552E-01  8.935148334837E-01  8.796734663220E-01
  8.659294592975E-01  8.522806847857E-01  8.387242006608E-01  8.252564328926E-01
  8.118733837735E-01  7.985708627568E-01  7.853447349665E-01  7.721911800252E-01
  7.591069508674E-01  7.460896185769E-01  7.331377849180E-01  7.202512390260E-01
  7.074310285528E-01  6.946794072996E-01  6.819996137831E-01  6.693954573249E-01
  6.568708138124E-01  6.444293948258E-01  6.320748791084E-01  6.198108061484E-01
  6.076406097575E-01  5.955676106634E-01  5.835950158045E-01  5.717259174062E-01
  5.599632920062E-01  5.483099996974E-01  5.367687835585E-01  5.253422692644E-01
  5.140329648728E-01  5.028432607821E-01  4.917754298551E-01  4.808316277038E-01
  4.700138931287E-01  4.593241487071E-01  4.487642015227E-01  4.383357440355E-01
  4.280403550749E-01  4.178795009592E-01  4.078545367303E-01  3.979667074963E-01
  3.882171498767E-01  3.786068935420E-01  3.691368628409E-01  3.598078785093E-01
  3.506206594522E-01  3.415758245941E-01  3.326738947897E-01  3.239152947892E-01
  3.153003552518E-01  3.068293148011E-01  2.985023221172E-01  2.903194380590E-01
  2.822806378121E-01  2.743858130568E-01  2.666347741505E-01  2.590272523222E-01
  2.515629018716E-01  2.442413023718E-01  2.370619608687E-01  2.300243140770E-01
  2.231277305661E-01  2.163715129356E-01  2.097548999761E-01  2.032770688139E-01
  1.969371370362E-01  1.907341647962E-01  1.846671568959E-01  1.787350648444E-01
  1.729367888917E-01  1.672711800367E-01  1.617370420078E-01  1.563331332163E-01
  1.510581686823E-01  1.459108219323E-01  1.408897268684E-01  1.359934796099E-01
  1.312206403066E-01  1.265697349247E-01  1.220392570048E-01  1.176276693945E-01
  1.133334059528E-01  1.091548732308E-01  1.050904521259E-01  1.011384995124E-01
  9.729734984817E-02  9.356531675872E-02  8.994069459841E-02  8.642175999061E-02
  8.300677334668E-02  7.969398036471E-02  7.648161350853E-02  7.336789346750E-02
  7.035103059761E-02  6.742922634428E-02  6.460067464709E-02  6.186356332692E-02
  5.921607545548E-02  5.665639070744E-02  5.418268669521E-02  5.179314028617E-02
  4.948592890241E-02  4.725923180258E-02  4.511123134553E-02  4.304011423554E-02
  4.104407274841E-02  3.912130593802E-02  3.727002082265E-02  3.548843355040E-02
  3.377477054293E-02  3.212726961667E-02  3.054418108067E-02  2.902376881013E-02
  2.756431129459E-02  2.616410265990E-02  2.482145366279E-02  2.353469265707E-02
  2.230216653038E-02  2.112224161041E-02  1.999330453948E-02  1.891376311645E-02
  1.788204710493E-02  1.689660900671E-02  1.595592479948E-02  1.505849463784E-02
  1.420284351672E-02  1.338752189636E-02  1.261110628807E-02  1.187219979997E-02
  1.116943264223E-02  1.050146259101E-02  9.866975410810E-03  9.264685234744E-03
  8.693334902381E-03  8.151696255047E-03  7.638570388398E-03  7.152787862266E-03
  6.693208867886E-03  6.258723352678E-03  5.848251102886E-03  5.460741784499E-03
  5.095174942929E-03  4.750559962090E-03  4.425935983582E-03  4.120371786786E-03
  3.832965630806E-03  3.562845059240E-03  3.309166668895E-03  3.071115843623E-03
  2.847906454539E-03  2.638780527969E-03  2.443007882536E-03  2.259885736857E-03
  2.088738289392E-03  1.928916272026E-03  1.779796479024E-03  1.640781273023E-03
  1.511298069767E-03  1.390798803318E-03  1.278759373480E-03  1.174679077200E-03
  1.078080025703E-03  9.885065491232E-04  9.055245903657E-04  8.287210899465E-04
  7.577033635056E-04  6.920984736768E-04  6.315525979564E-04  5.757303941739E-04
  5.243143651209E-04  4.770042238455E-04  4.335162610614E-04  3.935827160651E-04
  3.569511524893E-04  3.233838401535E-04  2.926571442087E-04  2.645609226935E-04
  2.388979335552E-04  2.154832521054E-04  1.941436998109E-04  1.747172852393E-04
  1.570526579049E-04  1.410085756818E-04  1.264533863756E-04  1.132645239708E-04
  1.013280199952E-04  9.053803037128E-05  8.079637805423E-05  7.201211168651E-05
  6.410108043427E-05  5.698552510648E-05  5.059368559762E-05  4.485942463673E-05
  3.972186777159E-05  3.512505946516E-05  3.101763513402E-05  2.735250891374E-05
  2.408657689548E-05  2.118043554061E-05  1.859811494612E-05  1.630682660344E-05
  1.427672526606E-05  1.248068451777E-05  1.089408561335E-05  9.494619146103E-06
  8.262099082826E-06  7.178288696067E-06  6.226737915048E-06  5.392631611560E-06
  4.662648334199E-06  4.024829003979E-06  3.468455086204E-06  2.983935757462E-06
  2.562703592488E-06  2.197118303264E-06  1.880378071978E-06  1.606438030067E-06
  1.369935447498E-06  1.166121209409E-06  9.907971711347E-07  8.402589973689E-07
  7.112441065246E-07  6.008843571876E-07  5.066631297520E-07  4.263764727473E-07
  3.580979999215E-07  3.001472407012E-07  2.510611631275E-07  2.095686046638E-07
  1.745673623065E-07  1.451037091367E-07  1.203541197577E-07  9.960900191274E-08
  8.225824593352E-08  6.777841747337E-08  5.572143221881E-08  4.570456390553E-08
  3.740164898432E-08  3.053536267045E-08  2.487045186313E-08  2.020782053832E-08
  1.637937270332E-08  1.324352686307E-08  1.068132419978E-08  8.593060323647E-09
</data>
</radfunc>
</pswf>
<pswf n="3" l="d" energy_level="0">
<radfunc>
<data>
  7.238657540452E-21  4.173083574110E-11  1.664621162674E-10  3.779572099564E-10
  6.783962061169E-10  1.070170758488E-09  1.562991147087E-09  2.114869129785E-09
  2.789094741734E-09  3.585512145358E-09  4.493574554926E-09  5.490649661857E-09
  6.541556782495E-09  7.791873612249E-09  9.050386584111E-09  1.051010324661E-08
  1.190287341609E-08  1.347798236889E-08  1.525875133579E-08  1.727133256320E-08
  1.906786754123E-08  2.104800511287E-08  2.322983489869E-08  2.563308096160E-08
  2.827921595306E-08  3.043717746732E-08  3.275541785320E-08  3.524515546650E-08
  3.791828259125E-08  4.078738713778E-08  4.386577147433E-08  4.716746754756E-08
  5.070724731242E-08  5.450062734376E-08  5.856386634126E-08  6.291395406759E-08
  6.598208518462E-08  6.919097026173E-08  7.254615043081E-08  7.605328760625E-08
  7.971815576756E-08  8.354663061642E-08  8.754467746631E-08  9.171833722022E-08
  9.607371029085E-08  1.006169383193E-07  1.053541835529E-07  1.102916057500E-07
  1.154353364940E-07  1.207914508153E-07  1.263659360430E-07  1.321646578443E-07
  1.381933234424E-07  1.444574420615E-07  1.509622827002E-07  1.577128294164E-07
  1.647137343845E-07  1.719692690957E-07  1.794832741850E-07  1.872591085039E-07
  1.952995982113E-07  2.036069868225E-07  2.121828873419E-07  2.210282378063E-07
  2.255520554906E-07  2.301432617753E-07  2.348017675805E-07  2.395274355294E-07
  2.443200794313E-07  2.491794639524E-07  2.541053044934E-07  2.590972672946E-07
  2.641549697869E-07  2.692779812119E-07  2.744658235305E-07  2.797179726431E-07
  2.850338599422E-07  2.904128742187E-07  2.958543639449E-07  3.013576399531E-07
  3.069219785315E-07  3.125466249560E-07  3.182307974756E-07  3.239736917677E-07
  3.297744858789E-07  3.356323456604E-07  3.415464307099E-07  3.475159008243E-07
  3.535399229652E-07  3.596176787363E-07  3.657483723636E-07  3.719312391690E-07
  3.781655545162E-07  3.844506432069E-07  3.907858892935E-07  3.971707462707E-07
  4.036047475970E-07  4.100875174903E-07  4.166187819326E-07  4.231983798054E-07
  4.298262740732E-07  4.365025629143E-07  4.432274906934E-07  4.500014586548E-07
  4.568250352045E-07  4.636989656402E-07  4.706241811713E-07  4.776018070676E-07
  4.846331697573E-07  4.917198026917E-07  4.988634507825E-07  5.060660732124E-07
  5.133298444165E-07  5.206571530295E-07  5.280505985987E-07  5.355129858664E-07
  5.430473164418E-07  5.506567776979E-07  5.583447287567E-07  5.661146834627E-07
  5.739702902864E-07  5.819153091629E-07  5.899535853348E-07  5.980890203617E-07
  6.063255405554E-07  6.146670632247E-07  6.231174612491E-07  6.316805266623E-07
  6.403599340991E-07  6.491592051522E-07  6.580816748886E-07  6.671304619794E-07
  6.763084441001E-07  6.856182404320E-07  6.950622032321E-07  7.046424204918E-07
  7.143607316536E-07  7.242187581252E-07  7.342179498715E-07  7.443596485766E-07
  7.546451666406E-07  7.650758794665E-07  7.756533259152E-07  7.863793082375E-07
  7.972559779416E-07  8.082858872575E-07  8.194719776487E-07  8.308174784580E-07
  8.423257425322E-07  8.540001727055E-07  8.658442790821E-07  8.778616303313E-07
  8.900558743233E-07  9.024307324977E-07  9.149900013952E-07  9.277375526158E-07
  9.406773329746E-07  9.538133646183E-07  9.671497451410E-07  9.806906476970E-07
  9.944403211180E-07  1.008403090035E-06  1.022583355015E-06  1.036985592708E-06
  1.051614356024E-06  1.066474274324E-06  1.081570053654E-06  1.096906477007E-06
  1.112488404630E-06  1.128320774377E-06  1.144408602120E-06  1.160756982213E-06
  1.177371088025E-06  1.194256172547E-06  1.211417569071E-06  1.228860691967E-06
  1.246591037535E-06  1.264614184973E-06  1.282935797441E-06  1.301561623243E-06
  1.320497497132E-06  1.339749341744E-06  1.359323169165E-06  1.379225082652E-06
  1.399461278497E-06  1.420038048067E-06  1.440961779999E-06  1.462238962589E-06
  1.483876186359E-06  1.505880146824E-06  1.528257647467E-06  1.551015602929E-06
  1.574161042422E-06  1.597701113373E-06  1.621643085321E-06  1.645994354058E-06
  1.670762446035E-06  1.695955023043E-06  1.721579887176E-06  1.747644986083E-06
  1.774158418525E-06  1.801128440247E-06  1.828563470167E-06  1.856472096903E-06
  1.884863085638E-06  1.913745385345E-06  1.943128136370E-06  1.973020678389E-06
  2.003432558760E-06  2.034373541253E-06  2.065853615198E-06  2.097883005049E-06
  2.130472180364E-06  2.163631866234E-06  2.197373054154E-06  2.231707013349E-06
  2.266645302575E-06  2.302199782393E-06  2.338382627936E-06  2.375206342172E-06
  2.412683769681E-06  2.450828110948E-06  2.489652937189E-06  2.529172205717E-06
  2.569400275856E-06  2.610351925419E-06  2.652042367755E-06  2.694487269371E-06
  2.737702768155E-06  2.781705492183E-06  2.826512579147E-06  2.872141696394E-06
  2.918611061594E-06  2.965939464039E-06  3.014146286591E-06  3.063251528278E-06
  3.113275827553E-06  3.164240486220E-06  3.216167494033E-06  3.269079553981E-06
  3.323000108263E-06  3.377953364957E-06  3.433964325394E-06  3.491058812238E-06
  3.549263498285E-06  3.608605935977E-06  3.669114587644E-06  3.730818856473E-06
  3.793749118208E-06  3.857936753594E-06  3.923414181551E-06  3.990214893097E-06
  4.058373486014E-06  4.127925700257E-06  4.198908454118E-06  4.271359881129E-06
  4.345319367722E-06  4.420827591630E-06  4.497926561042E-06  4.576659654502E-06
  4.657071661551E-06  4.739208824118E-06  4.823118878642E-06  4.908851098942E-06
  4.996456339816E-06  5.085987081367E-06  5.177497474067E-06  5.271043384530E-06
  5.366682442016E-06  5.464474085639E-06  5.564479612289E-06  5.666762225255E-06
  5.771387083552E-06  5.878421351937E-06  5.987934251619E-06  6.099997111652E-06
  6.214683421015E-06  6.332068881366E-06  6.452231460476E-06  6.575251446330E-06
  6.701211501911E-06  6.830196720653E-06  6.962294682560E-06  7.097595511016E-06
  7.236191930263E-06  7.378179323571E-06  7.523655792097E-06  7.672722214451E-06
  7.825482306973E-06  7.982042684737E-06  8.142512923300E-06  8.307005621221E-06
  8.475636463354E-06  8.648524284966E-06  8.825791136686E-06  9.007562350333E-06
  9.193966605651E-06  9.385135998001E-06  9.581206107036E-06  9.782316066433E-06
  9.988608634716E-06  1.020023026724E-05  1.041733118938E-05  1.064006547105E-05
  1.086859110251E-05  1.110307007170E-05  1.134366844303E-05  1.159055643781E-05
  1.184390851639E-05  1.210390346214E-05  1.237072446723E-05  1.264455922063E-05
  1.292559999804E-05  1.321404375425E-05  1.351009221779E-05  1.381395198818E-05
  1.412583463578E-05  1.444595680448E-05  1.477454031733E-05  1.511181228526E-05
  1.545800521910E-05  1.581335714495E-05  1.617811172320E-05  1.655251837122E-05
  1.693683239004E-05  1.733131509502E-05  1.773623395087E-05  1.815186271106E-05
  1.857848156180E-05  1.901637727086E-05  1.946584334133E-05  1.992718017049E-05
  2.040069521409E-05  2.088670315599E-05  2.138552608355E-05  2.189749366890E-05
  2.242294335614E-05  2.296222055480E-05  2.351567883964E-05  2.408368015698E-05
  2.466659503770E-05  2.526480281720E-05  2.587869186224E-05  2.650865980506E-05
  2.715511378480E-05  2.781847069645E-05  2.849915744734E-05  2.919761122154E-05
  2.991427975212E-05  3.064962160152E-05  3.140410645011E-05  3.217821539314E-05
  3.297244124625E-05  3.378728885948E-05  3.462327544023E-05  3.548093088505E-05
  3.636079812053E-05  3.726343345339E-05  3.818940692995E-05  3.913930270512E-05
  4.011371942101E-05  4.111327059535E-05  4.213858501997E-05  4.319030716935E-05
  4.426909761948E-05  4.537563347725E-05  4.651060882053E-05  4.767473514905E-05
  4.886874184644E-05  5.009337665353E-05  5.134940615310E-05  5.263761626645E-05
  5.395881276190E-05  5.531382177550E-05  5.670349034433E-05  5.812868695242E-05
</data>
</radfunc>
</pswf>
<pswf n="4" l="f" energy_level="0">
<radfunc>
<data>
 -2.239966122754E-23  8.412836690341E-16  6.702903014832E-15  2.293557889128E-14
  5.516331568201E-14  1.093222554996E-13  1.930164407386E-13  3.039002853005E-13
  4.604470766756E-13  6.714648254958E-13  9.425970165383E-13  1.273912230574E-12
  1.657700925560E-12  2.156660780258E-12  2.701824085502E-12  3.384223645302E-12
  4.082267099464E-12  4.923640027202E-12  5.937581876532E-12  7.159233583163E-12
  8.314200080216E-12  9.654392437343E-12  1.120924058359E-11  1.301277615838E-11
  1.510433132691E-11  1.688908627612E-11  1.888297256834E-11  2.111015649915E-11
  2.359752896420E-11  2.637499879095E-11  2.947581479907E-11  3.293691880636E-11
  3.679933183838E-11  4.110857580752E-11  4.591513289300E-11  5.127494476701E-11
  5.518584092921E-11  5.938997644793E-11  6.390868704304E-11  6.876477624486E-11
  7.398260540555E-11  7.958818780875E-11  8.560928687594E-11  9.207551843927E-11
  9.901845701799E-11  1.064717459996E-10  1.144712115878E-10  1.230549803383E-10
  1.322636000581E-10  1.421401638004E-10  1.527304366409E-10  1.640829848793E-10
  1.762493072675E-10  1.892839678357E-10  2.032447298629E-10  2.181926905284E-10
  2.341924157929E-10  2.513120750916E-10  2.696235754899E-10  2.892026950629E-10
  3.101292154162E-10  3.324870534894E-10  3.563643930773E-10  3.818538168838E-10
  3.952332281729E-10  4.090524404067E-10  4.233243238396E-10  4.380620495478E-10
  4.532790941259E-10  4.689892445669E-10  4.852066033623E-10  5.019455938654E-10
  5.192209659625E-10  5.370478021053E-10  5.554415237611E-10  5.744178983442E-10
  5.939930466984E-10  6.141834512048E-10  6.350059645996E-10  6.564778195879E-10
  6.786166393526E-10  7.014404490588E-10  7.249676884657E-10  7.492172257617E-10
  7.742083727471E-10  7.999609014939E-10  8.264950626196E-10  8.538316053169E-10
  8.819917992852E-10  9.109974587143E-10  9.408709684747E-10  9.716353126669E-10
  1.003314105687E-09  1.035931625957E-09  1.069512852475E-09  1.104083504312E-09
  1.139670083210E-09  1.176299919381E-09  1.214001220614E-09  1.252803124781E-09
  1.292735755796E-09  1.333830283055E-09  1.376118984351E-09  1.419635312227E-09
  1.464413963679E-09  1.510490953056E-09  1.557903687982E-09  1.606691048019E-09
  1.656893465765E-09  1.708553009965E-09  1.761713470172E-09  1.816420442376E-09
  1.872721414966E-09  1.930665854277E-09  1.990305288888E-09  2.051693391783E-09
  2.114886059366E-09  2.179941486288E-09  2.246920234981E-09  2.315885298777E-09
  2.386902157478E-09  2.460038824306E-09  2.535365883226E-09  2.612956515820E-09
  2.692886517083E-09  2.775234299825E-09  2.860080887783E-09  2.947509898045E-09
  3.037607514036E-09  3.130462451077E-09  3.226165917443E-09  3.324811574858E-09
  3.426495503524E-09  3.531316177972E-09  3.639374461274E-09  3.750773626255E-09
  3.865619413299E-09  3.984020134749E-09  4.106086835701E-09  4.231933519536E-09
  4.361677443493E-09  4.495439484075E-09  4.633344563232E-09  4.775522112722E-09
  4.922106527800E-09  5.073237537452E-09  5.229060454677E-09  5.389726094888E-09
  5.555390284512E-09  5.726214003527E-09  5.902363677015E-09  6.084011179694E-09
  6.271334107891E-09  6.464515930340E-09  6.663746188713E-09  6.869220692540E-09
  7.081141722277E-09  7.299718238394E-09  7.525166096966E-09  7.757708271990E-09
  7.997575084642E-09  8.245004439721E-09  8.500242069528E-09  8.763541785446E-09
  9.035165737493E-09  9.315384682136E-09  9.604478258668E-09  9.902735274463E-09
  1.021045399944E-08  1.052794247006E-08  1.085551880331E-08  1.119351152085E-08
  1.154225988402E-08  1.190211423983E-08  1.227343637855E-08  1.265659990331E-08
  1.305199061219E-08  1.346000689333E-08  1.388106013349E-08  1.431557514077E-08
  1.476399058198E-08  1.522675943524E-08  1.570434945856E-08  1.619724367495E-08
  1.670594087485E-08  1.723095613660E-08  1.777282136567E-08  1.833208585355E-08
  1.890931685708E-08  1.950510019912E-08  2.012004089157E-08  2.075476378154E-08
  2.140991422193E-08  2.208615876729E-08  2.278418589618E-08  2.350470676120E-08
  2.424845596791E-08  2.501619238385E-08  2.580869997922E-08  2.662678870034E-08
  2.747129537762E-08  2.834308466939E-08  2.924305004337E-08  3.017211479733E-08
  3.113123312071E-08  3.212139119919E-08  3.314360836394E-08  3.419893828766E-08
  3.528847022952E-08  3.641333033113E-08  3.757468296592E-08  3.877373214416E-08
  4.001172297634E-08  4.128994319730E-08  4.260972475396E-08  4.397244545941E-08
  4.537953071632E-08  4.683245531286E-08  4.833274529413E-08  4.988197991264E-08
  5.148179366122E-08  5.313387839206E-08  5.483998552559E-08  5.660192835316E-08
  5.842158443774E-08  6.030089811665E-08  6.224188311108E-08  6.424662524675E-08
  6.631728529066E-08  6.845610190895E-08  7.066539475089E-08  7.294756766468E-08
  7.530511205034E-08  7.774061035586E-08  8.025673972235E-08  8.285627578465E-08
  8.554209663397E-08  8.831718694909E-08  9.118464230336E-08  9.414767365474E-08
  9.720961202623E-08  1.003739133848E-07  1.036441637268E-07  1.070240843780E-07
  1.105175375171E-07  1.141285319325E-07  1.178612290198E-07  1.217199490313E-07
  1.257091775873E-07  1.298335724580E-07  1.340979706288E-07  1.385073956586E-07
  1.430670653421E-07  1.477823996900E-07  1.526590292359E-07  1.577028036860E-07
  1.629198009214E-07  1.683163363686E-07  1.738989727508E-07  1.796745302338E-07
  1.856500969830E-07  1.918330401440E-07  1.982310172650E-07  2.048519881745E-07
  2.117042273330E-07  2.187963366745E-07  2.261372589557E-07  2.337362916307E-07
  2.416031012709E-07  2.497477385479E-07  2.581806538001E-07  2.669127132037E-07
  2.759552155679E-07  2.853199097780E-07  2.950190129065E-07  3.050652290172E-07
  3.154717686858E-07  3.262523692600E-07  3.374213158868E-07  3.489934633321E-07
  3.609842586191E-07  3.734097645148E-07  3.862866838927E-07  3.996323850013E-07
  4.134649276706E-07  4.278030904872E-07  4.426663989724E-07  4.580751547961E-07
  4.740504660642E-07  4.906142787145E-07  5.077894090599E-07  5.255995775201E-07
  5.440694435806E-07  5.632246420235E-07  5.830918204748E-07  6.036986783135E-07
  6.250740069914E-07  6.472477318143E-07  6.702509552348E-07  6.941160017143E-07
  7.188764642083E-07  7.445672523349E-07  7.712246422888E-07  7.988863285644E-07
  8.275914775554E-07  8.573807831006E-07  8.882965240492E-07  9.203826239222E-07
  9.536847127483E-07  9.882501911586E-07  1.024128296826E-06  1.061370173342E-06
  1.100028941619E-06  1.140159773927E-06  1.181819970655E-06  1.225069039921E-06
  1.269968780121E-06  1.316583365556E-06  1.364979435244E-06  1.415226185046E-06
  1.467395463249E-06  1.521561869728E-06  1.577802858844E-06  1.636198846224E-06
  1.696833319570E-06  1.759792953676E-06  1.825167729809E-06  1.893051059633E-06
  1.963539913864E-06  2.036734955834E-06  2.112740680176E-06  2.191665556828E-06
  2.273622180563E-06  2.358727426280E-06  2.447102610273E-06  2.538873657730E-06
  2.634171276690E-06  2.733131138735E-06  2.835894066674E-06  2.942606229489E-06
  3.053419344842E-06  3.168490889435E-06  3.287984317521E-06  3.412069287899E-06
  3.540921899720E-06  3.674724937435E-06  3.813668125255E-06  3.957948391483E-06
  4.107770143096E-06  4.263345550979E-06  4.424894846214E-06  4.592646627846E-06
  4.766838182577E-06  4.947715816821E-06  5.135535201618E-06  5.330561730868E-06
  5.533070893413E-06  5.743348659481E-06  5.961691882039E-06  6.188408713615E-06
  6.423819039182E-06  6.668254925704E-06  6.922061088972E-06  7.185595378390E-06
  7.459229280383E-06  7.743348441129E-06  8.038353209345E-06  8.344659199888E-06
  8.662697878948E-06  8.992917171653E-06  9.335782092939E-06  9.691775402547E-06
  1.006139828508E-05  1.044517105603E-05  1.084363389485E-05  1.125734760593E-05
</data>
</radfunc>
</pswf>
</pseudo-wave-functions>
</psml>
