  0.2500    -0.993494  0.000000
  0.5000    -0.974070  0.000000
  0.7500    -0.942004  0.000000
  1.0000    -0.897764  0.000000
  1.2500    -0.842012  0.000000
  1.5000    -0.775614  0.000000
  1.7500    -0.699640  0.000000
  2.0000    -0.615372  0.000000
  2.2500    -0.524293  0.000000
  2.5000    -0.428081  0.000000
  2.7500    -0.328588  0.000000
  3.0000    -0.227809  0.000000
  3.2500    -0.127841  0.000000
  3.5000    -0.030838  0.000000
  3.7500     0.061053  0.000000
  4.0000     0.145756  0.000000
  4.2500     0.221332  0.000000
  4.5000     0.286057  0.000000
  4.7500     0.338485  0.000000
  5.0000     0.377510  0.000000
  5.2500     0.402422  0.000000
  5.5000     0.412944  0.000000
  5.7500     0.409256  0.000000
  6.0000     0.391996  0.000000
  6.2500     0.362253  0.000000
  6.5000     0.321527  0.000000
  6.7500     0.271674  0.000000
  7.0000     0.214844  0.000000
  7.2500     0.153390  0.000000
  7.5000     0.089773  0.000000
  7.7500     0.026469  0.000000
  8.0000    -0.034141  0.000000
  8.2500    -0.089864  0.000000
  8.5000    -0.138783  0.000000
  8.7500    -0.179337  0.000000
  9.0000    -0.210376  0.000000
  9.2500    -0.231199  0.000000
  9.5000    -0.241577  0.000000
  9.7500    -0.241742  0.000000
 10.0000    -0.232360  0.000000
 10.2500    -0.214488  0.000000
 10.5000    -0.189506  0.000000
 10.7500    -0.159036  0.000000
 11.0000    -0.124860  0.000000
 11.2500    -0.088820  0.000000
 11.5000    -0.052731  0.000000
 11.7500    -0.018289  0.000000
 12.0000     0.013005  0.000000
 12.2500     0.039907  0.000000
 12.5000     0.061485  0.000000
 12.7500     0.077143  0.000000
 13.0000     0.086633  0.000000
 13.2500     0.090048  0.000000
 13.5000     0.087792  0.000000
 13.7500     0.080544  0.000000
 14.0000     0.069197  0.000000
 14.2500     0.054797  0.000000
 14.5000     0.038476  0.000000
 14.7500     0.021380  0.000000
 15.0000     0.004604  0.000000
 15.2500    -0.010865  0.000000
 15.5000    -0.024204  0.000000
 15.7500    -0.034780  0.000000
 16.0000    -0.042185  0.000000
 16.2500    -0.046234  0.000000
 16.5000    -0.046969  0.000000
 16.7500    -0.044632  0.000000
 17.0000    -0.039639  0.000000
 17.2500    -0.032544  0.000000
 17.5000    -0.023990  0.000000
 17.7500    -0.014661  0.000000
 18.0000    -0.005243  0.000000
 18.2500     0.003631  0.000000
 18.5000     0.011408  0.000000
 18.7500     0.017652  0.000000
 19.0000     0.022061  0.000000
 19.2500     0.024481  0.000000
 19.5000     0.024900  0.000000
 19.7500     0.023447  0.000000
 20.0000     0.020366  0.000000
 20.2500     0.015997  0.000000
 20.5000     0.010744  0.000000
 20.7500     0.005045  0.000000
 21.0000    -0.000663  0.000000
 21.2500    -0.005970  0.000000
 21.5000    -0.010523  0.000000
 21.7500    -0.014046  0.000000
 22.0000    -0.016354  0.000000
 22.2500    -0.017359  0.000000
 22.5000    -0.017072  0.000000
 22.7500    -0.015595  0.000000
 23.0000    -0.013110  0.000000
 23.2500    -0.009858  0.000000
 23.5000    -0.006122  0.000000
