  0.0000     0.00000000    1.1420
  0.0101     0.00000000    1.1420
  0.0201     0.00000000    1.1420
  0.0301     0.00000000    1.1420
  0.0403     0.00000000    1.1420
  0.0505     0.00000000    1.1420
  0.0602     0.00000000    1.1420
  0.0700     0.00000000    1.1420
  0.0804     0.00000000    1.1420
  0.0900     0.00000000    1.1420
  0.1008     0.00000000    1.1420
  0.1100     0.00000000    1.1420
  0.1201     0.00000000    1.1420
  0.1311     0.00000000    1.1420
  0.1413     0.00000000    1.1420
  0.1505     0.00000001    1.1420
  0.1602     0.00000001    1.1420
  0.1705     0.00000001    1.1420
  0.1816     0.00000001    1.1420
  0.1909     0.00000001    1.1420
  0.2007     0.00000001    1.1420
  0.2110     0.00000001    1.1420
  0.2218     0.00000002    1.1420
  0.2303     0.00000002    1.1420
  0.2421     0.00000002    1.1420
  0.2514     0.00000002    1.1420
  0.2610     0.00000003    1.1420
  0.2710     0.00000003    1.1420
  0.2814     0.00000003    1.1420
  0.2921     0.00000004    1.1420
  0.3033     0.00000004    1.1420
  0.3110     0.00000004    1.1420
  0.3229     0.00000005    1.1420
  0.3311     0.00000005    1.1420
  0.3437     0.00000006    1.1420
  0.3525     0.00000006    1.1420
  0.3614     0.00000007    1.1420
  0.3705     0.00000007    1.1420
  0.3847     0.00000008    1.1420
  0.3945     0.00000008    1.1420
  0.4045     0.00000009    1.1420
  0.4147     0.00000010    1.1420
  0.4252     0.00000010    1.1420
  0.4306     0.00000011    1.1420
  0.4415     0.00000011    1.1420
  0.4527     0.00000012    1.1420
  0.4641     0.00000013    1.1420
  0.4759     0.00000014    1.1420
  0.4819     0.00000014    1.1420
  0.4941     0.00000015    1.1420
  0.5003     0.00000015    1.1420
  0.5130     0.00000016    1.1420
  0.5260     0.00000017    1.1420
  0.5326     0.00000018    1.1420
  0.5461     0.00000019    1.1420
  0.5529     0.00000020    1.1420
  0.5669     0.00000021    1.1420
  0.5741     0.00000021    1.1420
  0.5813     0.00000022    1.1420
  0.5960     0.00000023    1.1420
  0.6035     0.00000024    1.1420
  0.6111     0.00000025    1.1420
  0.6266     0.00000026    1.1420
  0.6345     0.00000027    1.1420
  0.6425     0.00000028    1.1420
  0.6506     0.00000028    1.1420
  0.6670     0.00000030    1.1420
  0.6754     0.00000031    1.1420
  0.6839     0.00000032    1.1420
  0.6925     0.00000033    1.1420
  0.7013     0.00000033    1.1420
  0.7101     0.00000034    1.1420
  0.7281     0.00000036    1.1420
  0.7372     0.00000037    1.1420
  0.7465     0.00000038    1.1420
  0.7559     0.00000039    1.1420
  0.7654     0.00000040    1.1420
  0.7750     0.00000042    1.1420
  0.7848     0.00000043    1.1420
  0.7947     0.00000044    1.1420
  0.8047     0.00000045    1.1420
  0.8148     0.00000046    1.1420
  0.8250     0.00000047    1.1420
  0.8354     0.00000049    1.1420
  0.8459     0.00000050    1.1420
  0.8566     0.00000051    1.1420
  0.8674     0.00000053    1.1420
  0.8783     0.00000054    1.1420
  0.8893     0.00000055    1.1420
  0.9005     0.00000057    1.1420
  0.9118     0.00000058    1.1420
  0.9233     0.00000060    1.1420
  0.9349     0.00000062    1.1420
  0.9467     0.00000063    1.1420
  0.9586     0.00000065    1.1420
  0.9707     0.00000067    1.1420
  0.9829     0.00000068    1.1420
  0.9953     0.00000070    1.1420
  1.0078     0.00000072    1.1420
  1.0205     0.00000074    1.1420
  1.0333     0.00000076    1.1420
  1.0463     0.00000078    1.1420
  1.0595     0.00000080    1.1420
  1.0728     0.00000082    1.1420
  1.0863     0.00000084    1.1420
  1.1000     0.00000086    1.1420
  1.1138     0.00000089    1.1420
  1.1278     0.00000091    1.1420
  1.1420     0.00000094    1.1420
  1.1564     0.00000096    1.1420
  1.1709     0.00000099    1.1420
  1.1857     0.00000101    1.1420
  1.2006     0.00000104    1.1420
  1.2157     0.00000107    1.1420
  1.2310     0.00000110    1.1420
  1.2465     0.00000112    1.1420
  1.2621     0.00000115    1.1420
  1.2780     0.00000119    1.1420
  1.2941     0.00000122    1.1420
  1.3104     0.00000125    1.1420
  1.3269     0.00000128    1.1420
  1.3436     0.00000132    1.1420
  1.3605     0.00000135    1.1420
  1.3776     0.00000139    1.1420
  1.3949     0.00000143    1.1420
  1.4125     0.00000146    1.1420
  1.4302     0.00000150    1.1420
  1.4482     0.00000154    1.1420
  1.4665     0.00000159    1.1420
  1.4849     0.00000163    1.1420
  1.5036     0.00000167    1.1420
  1.5225     0.00000172    1.1420
  1.5417     0.00000176    1.1420
  1.5611     0.00000181    1.1420
  1.5807     0.00000186    1.1420
  1.6006     0.00000191    1.1420
  1.6207     0.00000196    1.1420
  1.6411     0.00000202    1.1420
  1.6618     0.00000207    1.1420
  1.6827     0.00000213    1.1420
  1.7038     0.00000219    1.1420
  1.7253     0.00000225    1.1420
  1.7470     0.00000231    1.1420
  1.7689     0.00000237    1.1420
  1.7912     0.00000243    1.1420
  1.8137     0.00000250    1.1420
  1.8366     0.00000257    1.1420
  1.8597     0.00000264    1.1420
  1.8831     0.00000271    1.1420
  1.9067     0.00000279    1.1420
  1.9307     0.00000286    1.1420
  1.9550     0.00000294    1.1420
  1.9796     0.00000303    1.1420
  2.0045     0.00000311    1.1420
  2.0297     0.00000320    1.1420
  2.0553     0.00000328    1.1420
  2.0811     0.00000337    1.1420
  2.1073     0.00000347    1.1420
  2.1338     0.00000357    1.1420
  2.1607     0.00000366    1.1420
  2.1878     0.00000377    1.1420
  2.2154     0.00000387    1.1420
  2.2432     0.00000398    1.1420
  2.2715     0.00000409    1.1420
  2.3000     0.00000421    1.1420
  2.3290     0.00000432    1.1420
  2.3583     0.00000445    1.1420
  2.3879     0.00000457    1.1420
  2.4180     0.00000470    1.1420
  2.4484     0.00000483    1.1420
  2.4792     0.00000497    1.1420
  2.5104     0.00000511    1.1420
  2.5420     0.00000525    1.1420
  2.5739     0.00000540    1.1420
  2.6063     0.00000555    1.1420
  2.6391     0.00000571    1.1420
  2.6723     0.00000587    1.1420
  2.7059     0.00000604    1.1420
  2.7400     0.00000621    1.1420
  2.7744     0.00000639    1.1420
  2.8093     0.00000657    1.1420
  2.8447     0.00000676    1.1420
  2.8805     0.00000695    1.1420
  2.9167     0.00000715    1.1420
  2.9534     0.00000735    1.1420
  2.9905     0.00000756    1.1420
  3.0282     0.00000778    1.1420
  3.0663     0.00000800    1.1420
  3.1048     0.00000823    1.1420
  3.1439     0.00000847    1.1420
  3.1834     0.00000872    1.1420
  3.2235     0.00000897    1.1420
  3.2640     0.00000923    1.1420
  3.3051     0.00000949    1.1420
  3.3467     0.00000977    1.1420
  3.3888     0.00001005    1.1420
  3.4314     0.00001034    1.1420
  3.4746     0.00001064    1.1420
  3.5183     0.00001095    1.1420
  3.5625     0.00001127    1.1420
  3.6073     0.00001160    1.1420
  3.6527     0.00001194    1.1420
  3.6987     0.00001229    1.1420
  3.7452     0.00001265    1.1420
  3.7923     0.00001302    1.1420
  3.8400     0.00001341    1.1420
  3.8883     0.00001380    1.1420
  3.9372     0.00001421    1.1420
  3.9868     0.00001463    1.1420
  4.0369     0.00001506    1.1420
  4.0877     0.00001551    1.1420
  4.1391     0.00001597    1.1420
  4.1912     0.00001644    1.1420
  4.2439     0.00001693    1.1420
  4.2973     0.00001744    1.1420
  4.3514     0.00001796    1.1420
  4.4061     0.00001850    1.1420
  4.4615     0.00001906    1.1420
  4.5176     0.00001963    1.1420
  4.5745     0.00002022    1.1420
  4.6320     0.00002083    1.1420
  4.6903     0.00002147    1.1420
  4.7493     0.00002212    1.1420
  4.8090     0.00002279    1.1420
  4.8695     0.00002349    1.1420
  4.9308     0.00002420    1.1420
  4.9928     0.00002495    1.1420
  5.0556     0.00002571    1.1420
  5.1192     0.00002650    1.1420
  5.1836     0.00002732    1.1420
  5.2488     0.00002817    1.1420
  5.3148     0.00002904    1.1420
  5.3817     0.00002995    1.1420
  5.4494     0.00003088    1.1420
  5.5179     0.00003185    1.1420
  5.5873     0.00003284    1.1420
  5.6576     0.00003388    1.1420
  5.7288     0.00003495    1.1420
  5.8009     0.00003605    1.1420
  5.8738     0.00003719    1.1420
  5.9477     0.00003838    1.1420
  6.0225     0.00003960    1.1420
  6.0983     0.00004087    1.1420
  6.1750     0.00004218    1.1420
  6.2527     0.00004353    1.1420
  6.3313     0.00004494    1.1420
  6.4110     0.00004639    1.1420
  6.4916     0.00004790    1.1420
  6.5733     0.00004946    1.1420
  6.6560     0.00005107    1.1420
  6.7397     0.00005274    1.1420
  6.8245     0.00005447    1.1420
  6.9103     0.00005627    1.1420
  6.9972     0.00005813    1.1420
  7.0852     0.00006005    1.1420
  7.1744     0.00006205    1.1420
  7.2646     0.00006412    1.1420
  7.3560     0.00006626    1.1420
  7.4485     0.00006848    1.1420
  7.5422     0.00007078    1.1420
  7.6371     0.00007317    1.1420
  7.7332     0.00007565    1.1420
  7.8304     0.00007822    1.1420
  7.9289     0.00008088    1.1420
  8.0287     0.00008364    1.1420
  8.1297     0.00008650    1.1420
  8.2319     0.00008947    1.1420
  8.3355     0.00009255    1.1420
  8.4403     0.00009574    1.1420
  8.5465     0.00009906    1.1420
  8.6540     0.00010250    1.1420
  8.7629     0.00010606    1.1420
  8.8731     0.00010977    1.1420
  8.9847     0.00011361    1.1420
  9.0977     0.00011759    1.1420
  9.2122     0.00012173    1.1420
  9.3280     0.00012602    1.1420
  9.4454     0.00013048    1.1420
  9.5642     0.00013510    1.1420
  9.6845     0.00013990    1.1420
  9.8063     0.00014488    1.1420
  9.9297     0.00015006    1.1420
 10.0546     0.00015542    1.1420
 10.1810     0.00016100    1.1420
 10.3091     0.00016678    1.1420
 10.4388     0.00017279    1.1420
 10.5701     0.00017902    1.1420
 10.7031     0.00018550    1.1420
 10.8377     0.00019222    1.1420
 10.9740     0.00019920    1.1420
 11.1121     0.00020645    1.1420
 11.2518     0.00021397    1.1420
 11.3934     0.00022178    1.1420
 11.5367     0.00022989    1.1420
 11.6818     0.00023832    1.1420
 11.8287     0.00024706    1.1420
 11.9775     0.00025615    1.1420
 12.1282     0.00026558    1.1420
 12.2808     0.00027537    1.1420
 12.4352     0.00028554    1.1420
 12.5916     0.00029610    1.1420
 12.7500     0.00030707    1.1420
 12.9104     0.00031846    1.1420
 13.0728     0.00033028    1.1420
 13.2373     0.00034256    1.1420
 13.4038     0.00035532    1.1420
 13.5724     0.00036856    1.1420
 13.7431     0.00038231    1.1420
 13.9160     0.00039659    1.1420
 14.0910     0.00041142    1.1420
 14.2682     0.00042682    1.1420
 14.4477     0.00044282    1.1420
 14.6295     0.00045943    1.1420
 14.8135     0.00047667    1.1420
 14.9998     0.00049458    1.1420
 15.1885     0.00051318    1.1420
 15.3795     0.00053249    1.1420
 15.5730     0.00055254    1.1420
 15.7689     0.00057337    1.1420
 15.9672     0.00059499    1.1420
 16.1681     0.00061745    1.1420
 16.3715     0.00064077    1.1420
 16.5774     0.00066498    1.1420
 16.7859     0.00069012    1.1420
 16.9971     0.00071623    1.1420
 17.2109     0.00074334    1.1420
 17.4273     0.00077149    1.1420
 17.6466     0.00080072    1.1420
 17.8685     0.00083108    1.1420
 18.0933     0.00086259    1.1420
 18.3209     0.00089532    1.1420
 18.5513     0.00092930    1.1420
 18.7847     0.00096458    1.1420
 19.0210     0.00100122    1.1420
 19.2602     0.00103926    1.1420
 19.5025     0.00107876    1.1420
 19.7478     0.00111977    1.1420
 19.9962     0.00116235    1.1420
 20.2477     0.00120657    1.1420
 20.5024     0.00125248    1.1420
 20.7603     0.00130015    1.1420
 21.0215     0.00134964    1.1420
 21.2859     0.00140103    1.1420
 21.5536     0.00145438    1.1420
 21.8247     0.00150978    1.1420
 22.0993     0.00156730    1.1420
 22.3772     0.00162702    1.1420
 22.6587     0.00168903    1.1420
 22.9437     0.00175341    1.1420
 23.2323     0.00182026    1.1420
 23.5246     0.00188966    1.1420
 23.8205     0.00196172    1.1420
 24.1201     0.00203653    1.1420
 24.4235     0.00211421    1.1420
 24.7307     0.00219486    1.1420
 25.0418     0.00227860    1.1420
 25.3568     0.00236553    1.1420
 25.6757     0.00245580    1.1420
 25.9987     0.00254951    1.1420
 26.3257     0.00264681    1.1420
 26.6569     0.00274783    1.1420
 26.9922     0.00285271    1.1420
 27.3317     0.00296161    1.1420
 27.6755     0.00307466    1.1420
 28.0236     0.00319204    1.1420
 28.3761     0.00331391    1.1420
 28.7330     0.00344044    1.1420
 29.0945     0.00357181    1.1420
 29.4604     0.00370819    1.1420
 29.8310     0.00384980    1.1420
 30.2062     0.00399681    1.1420
 30.5862     0.00414945    1.1420
 30.9709     0.00430792    1.1420
 31.3605     0.00447245    1.1420
 31.7550     0.00464326    1.1420
 32.1544     0.00482061    1.1420
 32.5588     0.00500473    1.1420
 32.9684     0.00519590    1.1420
 33.3831     0.00539437    1.1420
 33.8030     0.00560042    1.1420
 34.2282     0.00581436    1.1420
 34.6587     0.00603646    1.1420
 35.0947     0.00626706    1.1420
 35.5361     0.00650647    1.1420
 35.9831     0.00675503    1.1420
 36.4357     0.00701309    1.1420
 36.8940     0.00728101    1.1420
 37.3581     0.00755918    1.1420
 37.8280     0.00784797    1.1420
 38.3038     0.00814780    1.1420
 38.7857     0.00845909    1.1420
 39.2735     0.00878227    1.1420
 39.7675     0.00911781    1.1420
 40.2677     0.00946617    1.1420
 40.7743     0.00982784    1.1420
 41.2871     0.01020334    1.1420
