  0.2500     1.375731
  0.5000     0.594164
  0.7500    -0.301530
  1.0000    -0.052528
  1.2500     0.144180
  1.5000    -0.053528
  1.7500    -0.040915
  2.0000     0.047557
  2.2500     0.001777
  2.5000    -0.033233
  2.7500     0.018747
  3.0000     0.011631
  3.2500    -0.019860
  3.5000     0.003054
  3.7500     0.013060
  4.0000    -0.010063
  4.2500    -0.004237
  4.5000     0.010713
  4.7500    -0.003354
  5.0000    -0.006451
  5.2500     0.006608
  5.5000     0.001335
  5.7500    -0.006448
  6.0000     0.003017
  6.2500     0.003480
  6.5000    -0.004707
  6.7500    -0.000049
  7.0000     0.004126
  7.2500    -0.002610
  7.5000    -0.001920
  7.7500     0.003520
  8.0000    -0.000590
  8.2500    -0.002699
  8.5000     0.002227
  8.7500     0.000999
  9.0000    -0.002668
  9.2500     0.000867
  9.5000     0.001804
  9.7500    -0.001928
 10.0000    -0.000392
 10.2500     0.002012
 10.5000    -0.000962
 10.7500    -0.001198
 11.0000     0.001659
 11.2500     0.000007
 11.5000    -0.001518
 11.7500     0.000982
 12.0000     0.000758
