  0.0000     0.00000000    1.1420
  0.0101     0.00000000    1.1420
  0.0201     0.00000000    1.1420
  0.0301     0.00000000    1.1420
  0.0403     0.00000000    1.1420
  0.0505     0.00000000    1.1420
  0.0602     0.00000000    1.1420
  0.0700     0.00000000    1.1420
  0.0804     0.00000000    1.1420
  0.0900     0.00000000    1.1420
  0.1008     0.00000000    1.1420
  0.1100     0.00000000    1.1420
  0.1201     0.00000000    1.1420
  0.1311     0.00000000    1.1420
  0.1413     0.00000000    1.1420
  0.1505     0.00000000    1.1420
  0.1602     0.00000000    1.1420
  0.1705     0.00000000    1.1420
  0.1816     0.00000000    1.1420
  0.1909     0.00000000    1.1420
  0.2007     0.00000000    1.1420
  0.2110     0.00000000    1.1420
  0.2218     0.00000000    1.1420
  0.2303     0.00000000    1.1420
  0.2421     0.00000000    1.1420
  0.2514     0.00000000    1.1420
  0.2610     0.00000000    1.1420
  0.2710     0.00000000    1.1420
  0.2814     0.00000000    1.1420
  0.2921     0.00000000    1.1420
  0.3033     0.00000000    1.1420
  0.3110     0.00000000    1.1420
  0.3229     0.00000000    1.1420
  0.3311     0.00000000    1.1420
  0.3437     0.00000000    1.1420
  0.3525     0.00000000    1.1420
  0.3614     0.00000000    1.1420
  0.3705     0.00000000    1.1420
  0.3847     0.00000000    1.1420
  0.3945     0.00000000    1.1420
  0.4045     0.00000000    1.1420
  0.4147     0.00000000    1.1420
  0.4252     0.00000000    1.1420
  0.4306     0.00000000    1.1420
  0.4415     0.00000000    1.1420
  0.4527     0.00000000    1.1420
  0.4641     0.00000000    1.1420
  0.4759     0.00000000    1.1420
  0.4819     0.00000000    1.1420
  0.4941     0.00000000    1.1420
  0.5003     0.00000000    1.1420
  0.5130     0.00000000    1.1420
  0.5260     0.00000000    1.1420
  0.5326     0.00000000    1.1420
  0.5461     0.00000000    1.1420
  0.5529     0.00000000    1.1420
  0.5669     0.00000000    1.1420
  0.5741     0.00000000    1.1420
  0.5813     0.00000000    1.1420
  0.5960     0.00000000    1.1420
  0.6035     0.00000000    1.1420
  0.6111     0.00000000    1.1420
  0.6266     0.00000000    1.1420
  0.6345     0.00000000    1.1420
  0.6425     0.00000000    1.1420
  0.6506     0.00000000    1.1420
  0.6670     0.00000000    1.1420
  0.6754     0.00000000    1.1420
  0.6839     0.00000000    1.1420
  0.6925     0.00000000    1.1420
  0.7013     0.00000000    1.1420
  0.7101     0.00000000    1.1420
  0.7281     0.00000000    1.1420
  0.7372     0.00000000    1.1420
  0.7465     0.00000000    1.1420
  0.7559     0.00000000    1.1420
  0.7654     0.00000000    1.1420
  0.7750     0.00000000    1.1420
  0.7848     0.00000000    1.1420
  0.7947     0.00000000    1.1420
  0.8047     0.00000000    1.1420
  0.8148     0.00000000    1.1420
  0.8250     0.00000000    1.1420
  0.8354     0.00000000    1.1420
  0.8459     0.00000000    1.1420
  0.8566     0.00000000    1.1420
  0.8674     0.00000000    1.1420
  0.8783     0.00000000    1.1420
  0.8893     0.00000000    1.1420
  0.9005     0.00000000    1.1420
  0.9118     0.00000000    1.1420
  0.9233     0.00000000    1.1420
  0.9349     0.00000000    1.1420
  0.9467     0.00000000    1.1420
  0.9586     0.00000000    1.1420
  0.9707     0.00000000    1.1420
  0.9829     0.00000000    1.1420
  0.9953     0.00000000    1.1420
  1.0078     0.00000000    1.1420
  1.0205     0.00000000    1.1420
  1.0333     0.00000000    1.1420
  1.0463     0.00000000    1.1420
  1.0595     0.00000000    1.1420
  1.0728     0.00000000    1.1420
  1.0863     0.00000001    1.1420
  1.1000     0.00000001    1.1420
  1.1138     0.00000001    1.1420
  1.1278     0.00000001    1.1420
  1.1420     0.00000001    1.1420
  1.1564     0.00000001    1.1420
  1.1709     0.00000001    1.1420
  1.1857     0.00000001    1.1420
  1.2006     0.00000001    1.1420
  1.2157     0.00000001    1.1420
  1.2310     0.00000001    1.1420
  1.2465     0.00000001    1.1420
  1.2621     0.00000001    1.1420
  1.2780     0.00000001    1.1420
  1.2941     0.00000001    1.1420
  1.3104     0.00000001    1.1420
  1.3269     0.00000001    1.1420
  1.3436     0.00000001    1.1420
  1.3605     0.00000001    1.1420
  1.3776     0.00000001    1.1420
  1.3949     0.00000001    1.1420
  1.4125     0.00000001    1.1420
  1.4302     0.00000001    1.1420
  1.4482     0.00000001    1.1420
  1.4665     0.00000001    1.1420
  1.4849     0.00000001    1.1420
  1.5036     0.00000002    1.1420
  1.5225     0.00000002    1.1420
  1.5417     0.00000002    1.1420
  1.5611     0.00000002    1.1420
  1.5807     0.00000002    1.1420
  1.6006     0.00000002    1.1420
  1.6207     0.00000002    1.1420
  1.6411     0.00000002    1.1420
  1.6618     0.00000002    1.1420
  1.6827     0.00000002    1.1420
  1.7038     0.00000002    1.1420
  1.7253     0.00000002    1.1420
  1.7470     0.00000003    1.1420
  1.7689     0.00000003    1.1420
  1.7912     0.00000003    1.1420
  1.8137     0.00000003    1.1420
  1.8366     0.00000003    1.1420
  1.8597     0.00000003    1.1420
  1.8831     0.00000003    1.1420
  1.9067     0.00000003    1.1420
  1.9307     0.00000004    1.1420
  1.9550     0.00000004    1.1420
  1.9796     0.00000004    1.1420
  2.0045     0.00000004    1.1420
  2.0297     0.00000004    1.1420
  2.0553     0.00000005    1.1420
  2.0811     0.00000005    1.1420
  2.1073     0.00000005    1.1420
  2.1338     0.00000005    1.1420
  2.1607     0.00000005    1.1420
  2.1878     0.00000006    1.1420
  2.2154     0.00000006    1.1420
  2.2432     0.00000006    1.1420
  2.2715     0.00000006    1.1420
  2.3000     0.00000007    1.1420
  2.3290     0.00000007    1.1420
  2.3583     0.00000007    1.1420
  2.3879     0.00000008    1.1420
  2.4180     0.00000008    1.1420
  2.4484     0.00000008    1.1420
  2.4792     0.00000009    1.1420
  2.5104     0.00000009    1.1420
  2.5420     0.00000010    1.1420
  2.5739     0.00000010    1.1420
  2.6063     0.00000010    1.1420
  2.6391     0.00000011    1.1420
  2.6723     0.00000011    1.1420
  2.7059     0.00000012    1.1420
  2.7400     0.00000012    1.1420
  2.7744     0.00000013    1.1420
  2.8093     0.00000014    1.1420
  2.8447     0.00000014    1.1420
  2.8805     0.00000015    1.1420
  2.9167     0.00000015    1.1420
  2.9534     0.00000016    1.1420
  2.9905     0.00000017    1.1420
  3.0282     0.00000018    1.1420
  3.0663     0.00000018    1.1420
  3.1048     0.00000019    1.1420
  3.1439     0.00000020    1.1420
  3.1834     0.00000021    1.1420
  3.2235     0.00000022    1.1420
  3.2640     0.00000023    1.1420
  3.3051     0.00000024    1.1420
  3.3467     0.00000025    1.1420
  3.3888     0.00000026    1.1420
  3.4314     0.00000028    1.1420
  3.4746     0.00000029    1.1420
  3.5183     0.00000030    1.1420
  3.5625     0.00000031    1.1420
  3.6073     0.00000033    1.1420
  3.6527     0.00000034    1.1420
  3.6987     0.00000036    1.1420
  3.7452     0.00000038    1.1420
  3.7923     0.00000039    1.1420
  3.8400     0.00000041    1.1420
  3.8883     0.00000043    1.1420
  3.9372     0.00000045    1.1420
  3.9868     0.00000047    1.1420
  4.0369     0.00000049    1.1420
  4.0877     0.00000051    1.1420
  4.1391     0.00000054    1.1420
  4.1912     0.00000056    1.1420
  4.2439     0.00000059    1.1420
  4.2973     0.00000061    1.1420
  4.3514     0.00000064    1.1420
  4.4061     0.00000067    1.1420
  4.4615     0.00000070    1.1420
  4.5176     0.00000074    1.1420
  4.5745     0.00000077    1.1420
  4.6320     0.00000081    1.1420
  4.6903     0.00000084    1.1420
  4.7493     0.00000088    1.1420
  4.8090     0.00000092    1.1420
  4.8695     0.00000097    1.1420
  4.9308     0.00000101    1.1420
  4.9928     0.00000106    1.1420
  5.0556     0.00000111    1.1420
  5.1192     0.00000116    1.1420
  5.1836     0.00000121    1.1420
  5.2488     0.00000127    1.1420
  5.3148     0.00000133    1.1420
  5.3817     0.00000139    1.1420
  5.4494     0.00000145    1.1420
  5.5179     0.00000152    1.1420
  5.5873     0.00000159    1.1420
  5.6576     0.00000167    1.1420
  5.7288     0.00000175    1.1420
  5.8009     0.00000183    1.1420
  5.8738     0.00000192    1.1420
  5.9477     0.00000201    1.1420
  6.0225     0.00000210    1.1420
  6.0983     0.00000220    1.1420
  6.1750     0.00000231    1.1420
  6.2527     0.00000242    1.1420
  6.3313     0.00000253    1.1420
  6.4110     0.00000265    1.1420
  6.4916     0.00000278    1.1420
  6.5733     0.00000291    1.1420
  6.6560     0.00000305    1.1420
  6.7397     0.00000319    1.1420
  6.8245     0.00000335    1.1420
  6.9103     0.00000351    1.1420
  6.9972     0.00000368    1.1420
  7.0852     0.00000385    1.1420
  7.1744     0.00000404    1.1420
  7.2646     0.00000424    1.1420
  7.3560     0.00000444    1.1420
  7.4485     0.00000466    1.1420
  7.5422     0.00000488    1.1420
  7.6371     0.00000512    1.1420
  7.7332     0.00000537    1.1420
  7.8304     0.00000563    1.1420
  7.9289     0.00000590    1.1420
  8.0287     0.00000619    1.1420
  8.1297     0.00000649    1.1420
  8.2319     0.00000681    1.1420
  8.3355     0.00000715    1.1420
  8.4403     0.00000750    1.1420
  8.5465     0.00000787    1.1420
  8.6540     0.00000825    1.1420
  8.7629     0.00000866    1.1420
  8.8731     0.00000909    1.1420
  8.9847     0.00000954    1.1420
  9.0977     0.00001001    1.1420
  9.2122     0.00001050    1.1420
  9.3280     0.00001102    1.1420
  9.4454     0.00001157    1.1420
  9.5642     0.00001215    1.1420
  9.6845     0.00001275    1.1420
  9.8063     0.00001339    1.1420
  9.9297     0.00001405    1.1420
 10.0546     0.00001475    1.1420
 10.1810     0.00001549    1.1420
 10.3091     0.00001627    1.1420
 10.4388     0.00001708    1.1420
 10.5701     0.00001794    1.1420
 10.7031     0.00001884    1.1420
 10.8377     0.00001978    1.1420
 10.9740     0.00002077    1.1420
 11.1121     0.00002182    1.1420
 11.2518     0.00002292    1.1420
 11.3934     0.00002407    1.1420
 11.5367     0.00002528    1.1420
 11.6818     0.00002656    1.1420
 11.8287     0.00002790    1.1420
 11.9775     0.00002931    1.1420
 12.1282     0.00003079    1.1420
 12.2808     0.00003235    1.1420
 12.4352     0.00003399    1.1420
 12.5916     0.00003571    1.1420
 12.7500     0.00003752    1.1420
 12.9104     0.00003942    1.1420
 13.0728     0.00004142    1.1420
 13.2373     0.00004352    1.1420
 13.4038     0.00004573    1.1420
 13.5724     0.00004806    1.1420
 13.7431     0.00005050    1.1420
 13.9160     0.00005307    1.1420
 14.0910     0.00005577    1.1420
 14.2682     0.00005861    1.1420
 14.4477     0.00006160    1.1420
 14.6295     0.00006473    1.1420
 14.8135     0.00006803    1.1420
 14.9998     0.00007150    1.1420
 15.1885     0.00007515    1.1420
 15.3795     0.00007898    1.1420
 15.5730     0.00008301    1.1420
 15.7689     0.00008725    1.1420
 15.9672     0.00009171    1.1420
 16.1681     0.00009639    1.1420
 16.3715     0.00010131    1.1420
 16.5774     0.00010649    1.1420
 16.7859     0.00011193    1.1420
 16.9971     0.00011765    1.1420
 17.2109     0.00012367    1.1420
 17.4273     0.00012999    1.1420
 17.6466     0.00013664    1.1420
 17.8685     0.00014363    1.1420
 18.0933     0.00015098    1.1420
 18.3209     0.00015871    1.1420
 18.5513     0.00016683    1.1420
 18.7847     0.00017537    1.1420
 19.0210     0.00018435    1.1420
 19.2602     0.00019378    1.1420
 19.5025     0.00020371    1.1420
 19.7478     0.00021414    1.1420
 19.9962     0.00022510    1.1420
 20.2477     0.00023663    1.1420
 20.5024     0.00024875    1.1420
 20.7603     0.00026150    1.1420
 21.0215     0.00027489    1.1420
 21.2859     0.00028897    1.1420
 21.5536     0.00030378    1.1420
 21.8247     0.00031934    1.1420
 22.0993     0.00033571    1.1420
 22.3772     0.00035291    1.1420
 22.6587     0.00037099    1.1420
 22.9437     0.00039001    1.1420
 23.2323     0.00040999    1.1420
 23.5246     0.00043100    1.1420
 23.8205     0.00045309    1.1420
 24.1201     0.00047632    1.1420
 24.4235     0.00050073    1.1420
 24.7307     0.00052639    1.1420
 25.0418     0.00055338    1.1420
 25.3568     0.00058174    1.1420
 25.6757     0.00061156    1.1420
 25.9987     0.00064291    1.1420
 26.3257     0.00067587    1.1420
 26.6569     0.00071051    1.1420
 26.9922     0.00074694    1.1420
 27.3317     0.00078523    1.1420
 27.6755     0.00082548    1.1420
 28.0236     0.00086780    1.1420
 28.3761     0.00091229    1.1420
 28.7330     0.00095906    1.1420
 29.0945     0.00100822    1.1420
 29.4604     0.00105991    1.1420
 29.8310     0.00111425    1.1420
 30.2062     0.00117138    1.1420
 30.5862     0.00123143    1.1420
 30.9709     0.00129456    1.1420
 31.3605     0.00136093    1.1420
 31.7550     0.00143071    1.1420
 32.1544     0.00150406    1.1420
 32.5588     0.00158117    1.1420
 32.9684     0.00166223    1.1420
 33.3831     0.00174746    1.1420
 33.8030     0.00183705    1.1420
 34.2282     0.00193123    1.1420
 34.6587     0.00203025    1.1420
 35.0947     0.00213434    1.1420
 35.5361     0.00224377    1.1420
 35.9831     0.00235881    1.1420
 36.4357     0.00247974    1.1420
 36.8940     0.00260688    1.1420
 37.3581     0.00274054    1.1420
 37.8280     0.00288105    1.1420
 38.3038     0.00302876    1.1420
 38.7857     0.00318405    1.1420
 39.2735     0.00334729    1.1420
 39.7675     0.00351891    1.1420
 40.2677     0.00369933    1.1420
 40.7743     0.00388900    1.1420
 41.2871     0.00408839    1.1420
