  0.2500     2.921839
  0.5000     2.227649
  0.7500     1.548800
  1.0000     1.040503
  1.2500     0.696243
  1.5000     0.469824
  1.7500     0.320779
  2.0000     0.221414
  2.2500     0.154086
  2.5000     0.107723
  2.7500     0.075326
  3.0000     0.052399
  3.2500     0.036000
  3.5000     0.024168
  3.7500     0.015575
  4.0000     0.009304
  4.2500     0.004718
  4.5000     0.001366
  4.7500    -0.001075
  5.0000    -0.002835
  5.2500    -0.004084
  5.5000    -0.004945
  5.7500    -0.005509
  6.0000    -0.005847
  6.2500    -0.006009
  6.5000    -0.006036
  6.7500    -0.005958
  7.0000    -0.005800
  7.2500    -0.005580
  7.5000    -0.005316
  7.7500    -0.005020
  8.0000    -0.004702
  8.2500    -0.004372
  8.5000    -0.004037
  8.7500    -0.003703
  9.0000    -0.003376
  9.2500    -0.003059
  9.5000    -0.002757
  9.7500    -0.002471
 10.0000    -0.002204
 10.2500    -0.001957
 10.5000    -0.001731
 10.7500    -0.001525
 11.0000    -0.001341
 11.2500    -0.001176
 11.5000    -0.001031
 11.7500    -0.000903
 12.0000    -0.000793
