  0.2500     1.236625
  0.5000     0.567647
  0.7500    -0.287412
  1.0000    -0.044862
  1.2500     0.131578
  1.5000    -0.048168
  1.7500    -0.039090
  2.0000     0.044908
  2.2500     0.001198
  2.5000    -0.030615
  2.7500     0.017270
  3.0000     0.010885
  3.2500    -0.018479
  3.5000     0.002823
  3.7500     0.012174
  4.0000    -0.009396
  4.2500    -0.003896
  4.5000     0.009919
  4.7500    -0.003083
  5.0000    -0.006027
  5.2500     0.006168
  5.5000     0.001219
  5.7500    -0.005975
  6.0000     0.002788
  6.2500     0.003249
  6.5000    -0.004387
  6.7500    -0.000037
  7.0000     0.003830
  7.2500    -0.002424
  7.5000    -0.001783
  7.7500     0.003268
  8.0000    -0.000542
  8.2500    -0.002517
  8.5000     0.002079
  8.7500     0.000920
  9.0000    -0.002473
  9.2500     0.000800
  9.5000     0.001682
  9.7500    -0.001796
 10.0000    -0.000362
 10.2500     0.001869
 10.5000    -0.000894
 10.7500    -0.001114
 11.0000     0.001542
 11.2500     0.000007
 11.5000    -0.001413
 11.7500     0.000915
 12.0000     0.000703
