  0.0000     0.00000000    1.1420
  0.0101     0.00056414    1.1420
  0.0201     0.00224062    1.1420
  0.0301     0.00503114    1.1420
  0.0403     0.00897116    1.1420
  0.0505     0.01408085    1.1420
  0.0602     0.01996783    1.1420
  0.0700     0.02690726    1.1420
  0.0804     0.03532776    1.1420
  0.0900     0.04409859    1.1420
  0.1008     0.05498534    1.1420
  0.1100     0.06521826    1.1420
  0.1201     0.07727993    1.1420
  0.1311     0.09146651    1.1420
  0.1413     0.10556778    1.1420
  0.1505     0.11886091    1.1420
  0.1602     0.13370547    1.1420
  0.1705     0.15024811    1.1420
  0.1816     0.16863925    1.1420
  0.1909     0.18478449    1.1420
  0.2007     0.20228479    1.1420
  0.2110     0.22121188    1.1420
  0.2218     0.24163134    1.1420
  0.2303     0.25795967    1.1420
  0.2421     0.28111899    1.1420
  0.2514     0.29954689    1.1420
  0.2610     0.31888921    1.1420
  0.2710     0.33914412    1.1420
  0.2814     0.36030076    1.1420
  0.2921     0.38233772    1.1420
  0.3033     0.40522154    1.1420
  0.3110     0.42092526    1.1420
  0.3229     0.44510847    1.1420
  0.3311     0.46161741    1.1420
  0.3437     0.48689602    1.1420
  0.3525     0.50404726    1.1420
  0.3614     0.52139683    1.1420
  0.3705     0.53890536    1.1420
  0.3847     0.56537016    1.1420
  0.3945     0.58307737    1.1420
  0.4045     0.60077405    1.1420
  0.4147     0.61840300    1.1420
  0.4252     0.63590340    1.1420
  0.4306     0.64458549    1.1420
  0.4415     0.66177202    1.1420
  0.4527     0.67866459    1.1420
  0.4641     0.69519294    1.1420
  0.4759     0.71128541    1.1420
  0.4819     0.71914561    1.1420
  0.4941     0.73444877    1.1420
  0.5003     0.74187384    1.1420
  0.5130     0.75622698    1.1420
  0.5260     0.76986066    1.1420
  0.5326     0.77638722    1.1420
  0.5461     0.78882117    1.1420
  0.5529     0.79471415    1.1420
  0.5669     0.80581901    1.1420
  0.5741     0.81101900    1.1420
  0.5813     0.81597694    1.1420
  0.5960     0.82514864    1.1420
  0.6035     0.82935488    1.1420
  0.6111     0.83330408    1.1420
  0.6266     0.84042342    1.1420
  0.6345     0.84359130    1.1420
  0.6425     0.84649768    1.1420
  0.6506     0.84914322    1.1420
  0.6670     0.85365805    1.1420
  0.6754     0.85553228    1.1420
  0.6839     0.85715553    1.1420
  0.6925     0.85853200    1.1420
  0.7013     0.85966657    1.1420
  0.7101     0.86056472    1.1420
  0.7281     0.86167662    1.1420
  0.7372     0.86190406    1.1420
  0.7465     0.86192237    1.1420
  0.7559     0.86173941    1.1420
  0.7654     0.86136332    1.1420
  0.7750     0.86080244    1.1420
  0.7848     0.86006521    1.1420
  0.7947     0.85916009    1.1420
  0.8047     0.85809548    1.1420
  0.8148     0.85687959    1.1420
  0.8250     0.85552034    1.1420
  0.8354     0.85402527    1.1420
  0.8459     0.85240143    1.1420
  0.8566     0.85065528    1.1420
  0.8674     0.84879259    1.1420
  0.8783     0.84681833    1.1420
  0.8893     0.84473662    1.1420
  0.9005     0.84255060    1.1420
  0.9118     0.84026242    1.1420
  0.9233     0.83787319    1.1420
  0.9349     0.83538292    1.1420
  0.9467     0.83279054    1.1420
  0.9586     0.83009396    1.1420
  0.9707     0.82729007    1.1420
  0.9829     0.82437487    1.1420
  0.9953     0.82134359    1.1420
  1.0078     0.81819085    1.1420
  1.0205     0.81491088    1.1420
  1.0333     0.81149773    1.1420
  1.0463     0.80794559    1.1420
  1.0595     0.80424899    1.1420
  1.0728     0.80040320    1.1420
  1.0863     0.79640442    1.1420
  1.1000     0.79225009    1.1420
  1.1138     0.78793899    1.1420
  1.1278     0.78347132    1.1420
  1.1420     0.77884849    1.1420
  1.1564     0.77407258    1.1420
  1.1709     0.76914639    1.1420
  1.1857     0.76407237    1.1420
  1.2006     0.75885322    1.1420
  1.2157     0.75349169    1.1420
  1.2310     0.74799066    1.1420
  1.2465     0.74235305    1.1420
  1.2621     0.73658186    1.1420
  1.2780     0.73068019    1.1420
  1.2941     0.72465118    1.1420
  1.3104     0.71849803    1.1420
  1.3269     0.71222403    1.1420
  1.3436     0.70583251    1.1420
  1.3605     0.69932686    1.1420
  1.3776     0.69271051    1.1420
  1.3949     0.68598697    1.1420
  1.4125     0.67915975    1.1420
  1.4302     0.67223245    1.1420
  1.4482     0.66520868    1.1420
  1.4665     0.65809208    1.1420
  1.4849     0.65088635    1.1420
  1.5036     0.64359520    1.1420
  1.5225     0.63622238    1.1420
  1.5417     0.62877164    1.1420
  1.5611     0.62124678    1.1420
  1.5807     0.61365161    1.1420
  1.6006     0.60598994    1.1420
  1.6207     0.59826561    1.1420
  1.6411     0.59048246    1.1420
  1.6618     0.58264434    1.1420
  1.6827     0.57475510    1.1420
  1.7038     0.56681862    1.1420
  1.7253     0.55883873    1.1420
  1.7470     0.55081930    1.1420
  1.7689     0.54276417    1.1420
  1.7912     0.53467719    1.1420
  1.8137     0.52656219    1.1420
  1.8366     0.51842298    1.1420
  1.8597     0.51026338    1.1420
  1.8831     0.50208715    1.1420
  1.9067     0.49389809    1.1420
  1.9307     0.48569993    1.1420
  1.9550     0.47749639    1.1420
  1.9796     0.46929118    1.1420
  2.0045     0.46108796    1.1420
  2.0297     0.45289038    1.1420
  2.0553     0.44470205    1.1420
  2.0811     0.43652654    1.1420
  2.1073     0.42836740    1.1420
  2.1338     0.42022812    1.1420
  2.1607     0.41211218    1.1420
  2.1878     0.40402298    1.1420
  2.2154     0.39596392    1.1420
  2.2432     0.38793831    1.1420
  2.2715     0.37994945    1.1420
  2.3000     0.37200057    1.1420
  2.3290     0.36409486    1.1420
  2.3583     0.35623544    1.1420
  2.3879     0.34842540    1.1420
  2.4180     0.34066774    1.1420
  2.4484     0.33296542    1.1420
  2.4792     0.32532134    1.1420
  2.5104     0.31773834    1.1420
  2.5420     0.31021919    1.1420
  2.5739     0.30276657    1.1420
  2.6063     0.29538314    1.1420
  2.6391     0.28807144    1.1420
  2.6723     0.28083398    1.1420
  2.7059     0.27367315    1.1420
  2.7400     0.26659131    1.1420
  2.7744     0.25959072    1.1420
  2.8093     0.25267355    1.1420
  2.8447     0.24584191    1.1420
  2.8805     0.23909782    1.1420
  2.9167     0.23244321    1.1420
  2.9534     0.22587992    1.1420
  2.9905     0.21940973    1.1420
  3.0282     0.21303430    1.1420
  3.0663     0.20675522    1.1420
  3.1048     0.20057397    1.1420
  3.1439     0.19449196    1.1420
  3.1834     0.18851051    1.1420
  3.2235     0.18263081    1.1420
  3.2640     0.17685399    1.1420
  3.3051     0.17118108    1.1420
  3.3467     0.16561300    1.1420
  3.3888     0.16015059    1.1420
  3.4314     0.15479457    1.1420
  3.4746     0.14954560    1.1420
  3.5183     0.14440420    1.1420
  3.5625     0.13937082    1.1420
  3.6073     0.13444582    1.1420
  3.6527     0.12962944    1.1420
  3.6987     0.12492183    1.1420
  3.7452     0.12032306    1.1420
  3.7923     0.11583310    1.1420
  3.8400     0.11145180    1.1420
  3.8883     0.10717896    1.1420
  3.9372     0.10301426    1.1420
  3.9868     0.09895730    1.1420
  4.0369     0.09500758    1.1420
  4.0877     0.09116452    1.1420
  4.1391     0.08742746    1.1420
  4.1912     0.08379566    1.1420
  4.2439     0.08026828    1.1420
  4.2973     0.07684442    1.1420
  4.3514     0.07352308    1.1420
  4.4061     0.07030322    1.1420
  4.4615     0.06718369    1.1420
  4.5176     0.06416329    1.1420
  4.5745     0.06124076    1.1420
  4.6320     0.05841476    1.1420
  4.6903     0.05568390    1.1420
  4.7493     0.05304673    1.1420
  4.8090     0.05050173    1.1420
  4.8695     0.04804736    1.1420
  4.9308     0.04568201    1.1420
  4.9928     0.04340402    1.1420
  5.0556     0.04121170    1.1420
  5.1192     0.03910332    1.1420
  5.1836     0.03707711    1.1420
  5.2488     0.03513128    1.1420
  5.3148     0.03326399    1.1420
  5.3817     0.03147339    1.1420
  5.4494     0.02975762    1.1420
  5.5179     0.02811477    1.1420
  5.5873     0.02654295    1.1420
  5.6576     0.02504024    1.1420
  5.7288     0.02360472    1.1420
  5.8009     0.02223444    1.1420
  5.8738     0.02092750    1.1420
  5.9477     0.01968194    1.1420
  6.0225     0.01849586    1.1420
  6.0983     0.01736732    1.1420
  6.1750     0.01629444    1.1420
  6.2527     0.01527531    1.1420
  6.3313     0.01430805    1.1420
  6.4110     0.01339081    1.1420
  6.4916     0.01252176    1.1420
  6.5733     0.01169906    1.1420
  6.6560     0.01092095    1.1420
  6.7397     0.01018565    1.1420
  6.8245     0.00949144    1.1420
  6.9103     0.00883660    1.1420
  6.9972     0.00821949    1.1420
  7.0852     0.00763845    1.1420
  7.1744     0.00709190    1.1420
  7.2646     0.00657828    1.1420
  7.3560     0.00609606    1.1420
  7.4485     0.00564377    1.1420
  7.5422     0.00521995    1.1420
  7.6371     0.00482322    1.1420
  7.7332     0.00445221    1.1420
  7.8304     0.00410561    1.1420
  7.9289     0.00378213    1.1420
  8.0287     0.00348056    1.1420
  8.1297     0.00319969    1.1420
  8.2319     0.00293839    1.1420
  8.3355     0.00269555    1.1420
  8.4403     0.00247012    1.1420
  8.5465     0.00226107    1.1420
  8.6540     0.00206742    1.1420
  8.7629     0.00188825    1.1420
  8.8731     0.00172265    1.1420
  8.9847     0.00156978    1.1420
  9.0977     0.00142882    1.1420
  9.2122     0.00129899    1.1420
  9.3280     0.00117956    1.1420
  9.4454     0.00106982    1.1420
  9.5642     0.00096912    1.1420
  9.6845     0.00087681    1.1420
  9.8063     0.00079231    1.1420
  9.9297     0.00071505    1.1420
 10.0546     0.00064451    1.1420
 10.1810     0.00058017    1.1420
 10.3091     0.00052157    1.1420
 10.4388     0.00046828    1.1420
 10.5701     0.00041986    1.1420
 10.7031     0.00037594    1.1420
 10.8377     0.00033616    1.1420
 10.9740     0.00030017    1.1420
 11.1121     0.00026765    1.1420
 11.2518     0.00023832    1.1420
 11.3934     0.00021189    1.1420
 11.5367     0.00018813    1.1420
 11.6818     0.00016678    1.1420
 11.8287     0.00014763    1.1420
 11.9775     0.00013048    1.1420
 12.1282     0.00011515    1.1420
 12.2808     0.00010146    1.1420
 12.4352     0.00008926    1.1420
 12.5916     0.00007840    1.1420
 12.7500     0.00006876    1.1420
 12.9104     0.00006020    1.1420
 13.0728     0.00005262    1.1420
 13.2373     0.00004591    1.1420
 13.4038     0.00004000    1.1420
 13.5724     0.00003478    1.1420
 13.7431     0.00003020    1.1420
 13.9160     0.00002617    1.1420
 14.0910     0.00002264    1.1420
 14.2682     0.00001955    1.1420
 14.4477     0.00001685    1.1420
 14.6295     0.00001449    1.1420
 14.8135     0.00001245    1.1420
 14.9998     0.00001067    1.1420
 15.1885     0.00000913    1.1420
 15.3795     0.00000779    1.1420
 15.5730     0.00000664    1.1420
 15.7689     0.00000565    1.1420
 15.9672     0.00000479    1.1420
 16.1681     0.00000406    1.1420
 16.3715     0.00000343    1.1420
 16.5774     0.00000289    1.1420
 16.7859     0.00000244    1.1420
 16.9971     0.00000205    1.1420
 17.2109     0.00000171    1.1420
 17.4273     0.00000143    1.1420
 17.6466     0.00000120    1.1420
 17.8685     0.00000100    1.1420
 18.0933     0.00000083    1.1420
 18.3209     0.00000069    1.1420
 18.5513     0.00000057    1.1420
 18.7847     0.00000047    1.1420
 19.0210     0.00000038    1.1420
 19.2602     0.00000032    1.1420
 19.5025     0.00000026    1.1420
 19.7478     0.00000021    1.1420
 19.9962     0.00000017    1.1420
 20.2477     0.00000014    1.1420
 20.5024     0.00000011    1.1420
 20.7603     0.00000009    1.1420
 21.0215     0.00000007    1.1420
 21.2859     0.00000006    1.1420
 21.5536     0.00000005    1.1420
 21.8247     0.00000004    1.1420
 22.0993     0.00000003    1.1420
 22.3772     0.00000002    1.1420
 22.6587     0.00000002    1.1420
 22.9437     0.00000002    1.1420
 23.2323     0.00000001    1.1420
 23.5246     0.00000001    1.1420
 23.8205     0.00000001    1.1420
 24.1201     0.00000001    1.1420
 24.4235     0.00000000    1.1420
 24.7307     0.00000000    1.1420
 25.0418     0.00000000    1.1420
 25.3568     0.00000000    1.1420
 25.6757     0.00000000    1.1420
 25.9987     0.00000000    1.1420
 26.3257     0.00000000    1.1420
 26.6569     0.00000000    1.1420
 26.9922     0.00000000    1.1420
 27.3317     0.00000000    1.1420
 27.6755     0.00000000    1.1420
 28.0236     0.00000000    1.1420
 28.3761     0.00000000    1.1420
 28.7330     0.00000000    1.1420
 29.0945     0.00000000    1.1420
 29.4604     0.00000000    1.1420
 29.8310     0.00000000    1.1420
 30.2062     0.00000000    1.1420
 30.5862     0.00000000    1.1420
 30.9709     0.00000000    1.1420
 31.3605     0.00000000    1.1420
 31.7550     0.00000000    1.1420
 32.1544     0.00000000    1.1420
 32.5588     0.00000000    1.1420
 32.9684     0.00000000    1.1420
 33.3831     0.00000000    1.1420
 33.8030     0.00000000    1.1420
 34.2282     0.00000000    1.1420
 34.6587     0.00000000    1.1420
 35.0947     0.00000000    1.1420
 35.5361     0.00000000    1.1420
 35.9831     0.00000000    1.1420
 36.4357     0.00000000    1.1420
 36.8940     0.00000000    1.1420
 37.3581     0.00000000    1.1420
 37.8280     0.00000000    1.1420
 38.3038     0.00000000    1.1420
 38.7857     0.00000000    1.1420
 39.2735     0.00000000    1.1420
 39.7675     0.00000000    1.1420
 40.2677     0.00000000    1.1420
 40.7743     0.00000000    1.1420
 41.2871     0.00000000    1.1420
