  0.2500     2.187604
  0.5000     1.875083
  0.7500     1.482767
  1.0000     1.106151
  1.2500     0.793065
  1.5000     0.553354
  1.7500     0.378322
  2.0000     0.253980
  2.2500     0.167096
  2.5000     0.107065
  2.7500     0.065984
  3.0000     0.038171
  3.2500     0.019607
  3.5000     0.007468
  3.7500    -0.000224
  4.0000    -0.004855
  4.2500    -0.007401
  4.5000    -0.008545
  4.7500    -0.008768
  5.0000    -0.008407
  5.2500    -0.007698
  5.5000    -0.006803
  5.7500    -0.005835
  6.0000    -0.004867
  6.2500    -0.003947
  6.5000    -0.003106
  6.7500    -0.002359
  7.0000    -0.001713
  7.2500    -0.001169
  7.5000    -0.000720
  7.7500    -0.000362
  8.0000    -0.000085
  8.2500     0.000122
  8.5000     0.000267
  8.7500     0.000360
  9.0000     0.000411
  9.2500     0.000429
  9.5000     0.000422
  9.7500     0.000395
 10.0000     0.000356
 10.2500     0.000309
 10.5000     0.000258
 10.7500     0.000207
 11.0000     0.000159
 11.2500     0.000114
 11.5000     0.000075
 11.7500     0.000041
 12.0000     0.000014
