  0.0000     0.00000496    1.1420
  0.0101     0.01282888    1.1420
  0.0201     0.02557791    1.1420
  0.0301     0.03835523    1.1420
  0.0403     0.05126903    1.1420
  0.0505     0.06431577    1.1420
  0.0602     0.07670638    1.1420
  0.0700     0.08920465    1.1420
  0.0804     0.10244076    1.1420
  0.0900     0.11471972    1.1420
  0.1008     0.12847448    1.1420
  0.1100     0.14030810    1.1420
  0.1201     0.15323864    1.1420
  0.1311     0.16737079    1.1420
  0.1413     0.18052769    1.1420
  0.1505     0.19228818    1.1420
  0.1602     0.20482581    1.1420
  0.1705     0.21819434    1.1420
  0.1816     0.23245165    1.1420
  0.1909     0.24453917    1.1420
  0.2007     0.25726943    1.1420
  0.2110     0.27067863    1.1420
  0.2218     0.28480515    1.1420
  0.2303     0.29589512    1.1420
  0.2421     0.31137611    1.1420
  0.2514     0.32353205    1.1420
  0.2610     0.33617713    1.1420
  0.2710     0.34933176    1.1420
  0.2814     0.36301693    1.1420
  0.2921     0.37725423    1.1420
  0.3033     0.39206562    1.1420
  0.3110     0.40226977    1.1420
  0.3229     0.41808729    1.1420
  0.3311     0.42898264    1.1420
  0.3437     0.44586706    1.1420
  0.3525     0.45749315    1.1420
  0.3614     0.46942177    1.1420
  0.3705     0.48165819    1.1420
  0.3847     0.50060004    1.1420
  0.3945     0.51362492    1.1420
  0.4045     0.52697059    1.1420
  0.4147     0.54063845    1.1420
  0.4252     0.55462850    1.1420
  0.4306     0.56174389    1.1420
  0.4415     0.57621339    1.1420
  0.4527     0.59099688    1.1420
  0.4641     0.60608689    1.1420
  0.4759     0.62147292    1.1420
  0.4819     0.62927274    1.1420
  0.4941     0.64507539    1.1420
  0.5003     0.65307319    1.1420
  0.5130     0.66924688    1.1420
  0.5260     0.68563438    1.1420
  0.5326     0.69389805    1.1420
  0.5461     0.71054132    1.1420
  0.5529     0.71891004    1.1420
  0.5669     0.73571097    1.1420
  0.5741     0.74412944    1.1420
  0.5813     0.75254989    1.1420
  0.5960     0.76936335    1.1420
  0.6035     0.77773827    1.1420
  0.6111     0.78607894    1.1420
  0.6266     0.80261486    1.1420
  0.6345     0.81078726    1.1420
  0.6425     0.81887969    1.1420
  0.6506     0.82687923    1.1420
  0.6670     0.84254497    1.1420
  0.6754     0.85018244    1.1420
  0.6839     0.85766961    1.1420
  0.6925     0.86499086    1.1420
  0.7013     0.87213010    1.1420
  0.7101     0.87907090    1.1420
  0.7281     0.89228991    1.1420
  0.7372     0.89853395    1.1420
  0.7465     0.90451140    1.1420
  0.7559     0.91020505    1.1420
  0.7654     0.91559783    1.1420
  0.7750     0.92067293    1.1420
  0.7848     0.92541393    1.1420
  0.7947     0.92980491    1.1420
  0.8047     0.93383061    1.1420
  0.8148     0.93747655    1.1420
  0.8250     0.94072920    1.1420
  0.8354     0.94357610    1.1420
  0.8459     0.94600604    1.1420
  0.8566     0.94800912    1.1420
  0.8674     0.94957698    1.1420
  0.8783     0.95070282    1.1420
  0.8893     0.95138157    1.1420
  0.9005     0.95160993    1.1420
  0.9118     0.95138647    1.1420
  0.9233     0.95071160    1.1420
  0.9349     0.94958763    1.1420
  0.9467     0.94801873    1.1420
  0.9586     0.94601084    1.1420
  0.9707     0.94357156    1.1420
  0.9829     0.94071003    1.1420
  0.9953     0.93743675    1.1420
  1.0078     0.93376328    1.1420
  1.0205     0.92970208    1.1420
  1.0333     0.92526613    1.1420
  1.0463     0.92046866    1.1420
  1.0595     0.91532277    1.1420
  1.0728     0.90984117    1.1420
  1.0863     0.90403584    1.1420
  1.1000     0.89791777    1.1420
  1.1138     0.89149684    1.1420
  1.1278     0.88478179    1.1420
  1.1420     0.87778037    1.1420
  1.1564     0.87049982    1.1420
  1.1709     0.86294736    1.1420
  1.1857     0.85513044    1.1420
  1.2006     0.84705670    1.1420
  1.2157     0.83873397    1.1420
  1.2310     0.83017027    1.1420
  1.2465     0.82137378    1.1420
  1.2621     0.81235287    1.1420
  1.2780     0.80311601    1.1420
  1.2941     0.79367185    1.1420
  1.3104     0.78402914    1.1420
  1.3269     0.77419677    1.1420
  1.3436     0.76418370    1.1420
  1.3605     0.75399901    1.1420
  1.3776     0.74365186    1.1420
  1.3949     0.73315145    1.1420
  1.4125     0.72250706    1.1420
  1.4302     0.71172801    1.1420
  1.4482     0.70082365    1.1420
  1.4665     0.68980337    1.1420
  1.4849     0.67867654    1.1420
  1.5036     0.66745255    1.1420
  1.5225     0.65614077    1.1420
  1.5417     0.64475056    1.1420
  1.5611     0.63329122    1.1420
  1.5807     0.62177202    1.1420
  1.6006     0.61020218    1.1420
  1.6207     0.59859086    1.1420
  1.6411     0.58694710    1.1420
  1.6618     0.57527991    1.1420
  1.6827     0.56359817    1.1420
  1.7038     0.55191066    1.1420
  1.7253     0.54022605    1.1420
  1.7470     0.52855286    1.1420
  1.7689     0.51689952    1.1420
  1.7912     0.50527428    1.1420
  1.8137     0.49368526    1.1420
  1.8366     0.48214040    1.1420
  1.8597     0.47064750    1.1420
  1.8831     0.45921416    1.1420
  1.9067     0.44784781    1.1420
  1.9307     0.43655569    1.1420
  1.9550     0.42534484    1.1420
  1.9796     0.41422211    1.1420
  2.0045     0.40319413    1.1420
  2.0297     0.39226732    1.1420
  2.0553     0.38144787    1.1420
  2.0811     0.37074178    1.1420
  2.1073     0.36015478    1.1420
  2.1338     0.34969240    1.1420
  2.1607     0.33935991    1.1420
  2.1878     0.32916235    1.1420
  2.2154     0.31910451    1.1420
  2.2432     0.30919096    1.1420
  2.2715     0.29942599    1.1420
  2.3000     0.28981365    1.1420
  2.3290     0.28035774    1.1420
  2.3583     0.27106181    1.1420
  2.3879     0.26192916    1.1420
  2.4180     0.25296282    1.1420
  2.4484     0.24416557    1.1420
  2.4792     0.23553996    1.1420
  2.5104     0.22708825    1.1420
  2.5420     0.21881247    1.1420
  2.5739     0.21071440    1.1420
  2.6063     0.20279556    1.1420
  2.6391     0.19505724    1.1420
  2.6723     0.18750048    1.1420
  2.7059     0.18012606    1.1420
  2.7400     0.17293457    1.1420
  2.7744     0.16592631    1.1420
  2.8093     0.15910139    1.1420
  2.8447     0.15245970    1.1420
  2.8805     0.14600087    1.1420
  2.9167     0.13972436    1.1420
  2.9534     0.13362940    1.1420
  2.9905     0.12771502    1.1420
  3.0282     0.12198006    1.1420
  3.0663     0.11642315    1.1420
  3.1048     0.11104276    1.1420
  3.1439     0.10583717    1.1420
  3.1834     0.10080450    1.1420
  3.2235     0.09594270    1.1420
  3.2640     0.09124957    1.1420
  3.3051     0.08672275    1.1420
  3.3467     0.08235976    1.1420
  3.3888     0.07815797    1.1420
  3.4314     0.07411465    1.1420
  3.4746     0.07022694    1.1420
  3.5183     0.06649187    1.1420
  3.5625     0.06290638    1.1420
  3.6073     0.05946732    1.1420
  3.6527     0.05617146    1.1420
  3.6987     0.05301548    1.1420
  3.7452     0.04999601    1.1420
  3.7923     0.04710963    1.1420
  3.8400     0.04435286    1.1420
  3.8883     0.04172218    1.1420
  3.9372     0.03921404    1.1420
  3.9868     0.03682487    1.1420
  4.0369     0.03455108    1.1420
  4.0877     0.03238906    1.1420
  4.1391     0.03033521    1.1420
  4.1912     0.02838593    1.1420
  4.2439     0.02653764    1.1420
  4.2973     0.02478677    1.1420
  4.3514     0.02312978    1.1420
  4.4061     0.02156314    1.1420
  4.4615     0.02008339    1.1420
  4.5176     0.01868709    1.1420
  4.5745     0.01737085    1.1420
  4.6320     0.01613133    1.1420
  4.6903     0.01496526    1.1420
  4.7493     0.01386942    1.1420
  4.8090     0.01284065    1.1420
  4.8695     0.01187587    1.1420
  4.9308     0.01097206    1.1420
  4.9928     0.01012628    1.1420
  5.0556     0.00933567    1.1420
  5.1192     0.00859745    1.1420
  5.1836     0.00790891    1.1420
  5.2488     0.00726743    1.1420
  5.3148     0.00667047    1.1420
  5.3817     0.00611559    1.1420
  5.4494     0.00560042    1.1420
  5.5179     0.00512269    1.1420
  5.5873     0.00468019    1.1420
  5.6576     0.00427082    1.1420
  5.7288     0.00389257    1.1420
  5.8009     0.00354349    1.1420
  5.8738     0.00322174    1.1420
  5.9477     0.00292555    1.1420
  6.0225     0.00265324    1.1420
  6.0983     0.00240321    1.1420
  6.1750     0.00217393    1.1420
  6.2527     0.00196395    1.1420
  6.3313     0.00177191    1.1420
  6.4110     0.00159650    1.1420
  6.4916     0.00143652    1.1420
  6.5733     0.00129080    1.1420
  6.6560     0.00115825    1.1420
  6.7397     0.00103786    1.1420
  6.8245     0.00092866    1.1420
  6.9103     0.00082976    1.1420
  6.9972     0.00074031    1.1420
  7.0852     0.00065954    1.1420
  7.1744     0.00058670    1.1420
  7.2646     0.00052113    1.1420
  7.3560     0.00046218    1.1420
  7.4485     0.00040926    1.1420
  7.5422     0.00036184    1.1420
  7.6371     0.00031941    1.1420
  7.7332     0.00028150    1.1420
  7.8304     0.00024770    1.1420
  7.9289     0.00021759    1.1420
  8.0287     0.00019083    1.1420
  8.1297     0.00016708    1.1420
  8.2319     0.00014604    1.1420
  8.3355     0.00012743    1.1420
  8.4403     0.00011100    1.1420
  8.5465     0.00009651    1.1420
  8.6540     0.00008377    1.1420
  8.7629     0.00007258    1.1420
  8.8731     0.00006277    1.1420
  8.9847     0.00005418    1.1420
  9.0977     0.00004669    1.1420
  9.2122     0.00004015    1.1420
  9.3280     0.00003446    1.1420
  9.4454     0.00002952    1.1420
  9.5642     0.00002524    1.1420
  9.6845     0.00002154    1.1420
  9.8063     0.00001834    1.1420
  9.9297     0.00001559    1.1420
 10.0546     0.00001322    1.1420
 10.1810     0.00001119    1.1420
 10.3091     0.00000945    1.1420
 10.4388     0.00000797    1.1420
 10.5701     0.00000670    1.1420
 10.7031     0.00000562    1.1420
 10.8377     0.00000471    1.1420
 10.9740     0.00000393    1.1420
 11.1121     0.00000328    1.1420
 11.2518     0.00000273    1.1420
 11.3934     0.00000226    1.1420
 11.5367     0.00000187    1.1420
 11.6818     0.00000155    1.1420
 11.8287     0.00000127    1.1420
 11.9775     0.00000105    1.1420
 12.1282     0.00000086    1.1420
 12.2808     0.00000070    1.1420
 12.4352     0.00000057    1.1420
 12.5916     0.00000047    1.1420
 12.7500     0.00000038    1.1420
 12.9104     0.00000031    1.1420
 13.0728     0.00000025    1.1420
 13.2373     0.00000020    1.1420
 13.4038     0.00000016    1.1420
 13.5724     0.00000013    1.1420
 13.7431     0.00000010    1.1420
 13.9160     0.00000008    1.1420
 14.0910     0.00000006    1.1420
 14.2682     0.00000005    1.1420
 14.4477     0.00000004    1.1420
 14.6295     0.00000003    1.1420
 14.8135     0.00000002    1.1420
 14.9998     0.00000002    1.1420
 15.1885     0.00000002    1.1420
 15.3795     0.00000001    1.1420
 15.5730     0.00000001    1.1420
 15.7689     0.00000001    1.1420
 15.9672     0.00000001    1.1420
 16.1681     0.00000000    1.1420
 16.3715     0.00000000    1.1420
 16.5774     0.00000000    1.1420
 16.7859     0.00000000    1.1420
 16.9971     0.00000000    1.1420
 17.2109     0.00000000    1.1420
 17.4273     0.00000000    1.1420
 17.6466     0.00000000    1.1420
 17.8685     0.00000000    1.1420
 18.0933     0.00000000    1.1420
 18.3209     0.00000000    1.1420
 18.5513     0.00000000    1.1420
 18.7847     0.00000000    1.1420
 19.0210     0.00000000    1.1420
 19.2602     0.00000000    1.1420
 19.5025     0.00000000    1.1420
 19.7478     0.00000000    1.1420
 19.9962     0.00000000    1.1420
 20.2477     0.00000000    1.1420
 20.5024     0.00000000    1.1420
 20.7603     0.00000000    1.1420
 21.0215     0.00000000    1.1420
 21.2859     0.00000000    1.1420
 21.5536     0.00000000    1.1420
 21.8247     0.00000000    1.1420
 22.0993     0.00000000    1.1420
 22.3772     0.00000000    1.1420
 22.6587     0.00000000    1.1420
 22.9437     0.00000000    1.1420
 23.2323     0.00000000    1.1420
 23.5246     0.00000000    1.1420
 23.8205     0.00000000    1.1420
 24.1201     0.00000000    1.1420
 24.4235     0.00000000    1.1420
 24.7307     0.00000000    1.1420
 25.0418     0.00000000    1.1420
 25.3568     0.00000000    1.1420
 25.6757     0.00000000    1.1420
 25.9987     0.00000000    1.1420
 26.3257     0.00000000    1.1420
 26.6569     0.00000000    1.1420
 26.9922     0.00000000    1.1420
 27.3317     0.00000000    1.1420
 27.6755     0.00000000    1.1420
 28.0236     0.00000000    1.1420
 28.3761     0.00000000    1.1420
 28.7330     0.00000000    1.1420
 29.0945     0.00000000    1.1420
 29.4604     0.00000000    1.1420
 29.8310     0.00000000    1.1420
 30.2062     0.00000000    1.1420
 30.5862     0.00000000    1.1420
 30.9709     0.00000000    1.1420
 31.3605     0.00000000    1.1420
 31.7550     0.00000000    1.1420
 32.1544     0.00000000    1.1420
 32.5588     0.00000000    1.1420
 32.9684     0.00000000    1.1420
 33.3831     0.00000000    1.1420
 33.8030     0.00000000    1.1420
 34.2282     0.00000000    1.1420
 34.6587     0.00000000    1.1420
 35.0947     0.00000000    1.1420
 35.5361     0.00000000    1.1420
 35.9831     0.00000000    1.1420
 36.4357     0.00000000    1.1420
 36.8940     0.00000000    1.1420
 37.3581     0.00000000    1.1420
 37.8280     0.00000000    1.1420
 38.3038     0.00000000    1.1420
 38.7857     0.00000000    1.1420
 39.2735     0.00000000    1.1420
 39.7675     0.00000000    1.1420
 40.2677     0.00000000    1.1420
 40.7743     0.00000000    1.1420
 41.2871     0.00000000    1.1420
