0  -78.65023322010558   -2.1316414415179012e-14
5  -83.85479408192901   2.602297255964999
10  -89.03675642031244   5.193294792068007
15  -94.19490331755236   7.772384017910607
20  -99.32834718077378   10.3391210147093
25  -104.43652038681795   12.89322185851844
30  -109.51915963830781   15.434554798794565
35  -114.57628523337722   17.96312989356949
40  -119.60817648449505   20.479086718983176
45  -124.61534449068513   22.98268075536004
50  -129.59850338700272   25.474269011793872
55  -134.55854108050434   27.954295393891744
60  -139.4964903470102   30.423276251855697
65  -144.4135010195332   32.88178647436134
70  -149.3108138565296   35.33044642233166
75  -154.18973654275007   37.7699099290091
80  -159.0516221515803   40.20085353077832
135  148.20241174246914   246.5737629806885
140  143.44041919473506   248.954746417662
145  138.67866621513687   251.3356093613557
150  133.91597891804022   -106.28306115536425
155  129.15117802248517   -103.9006753982228
160  124.3830723359579   -101.51663767386776
165  119.61045284450734   -99.13034337538376
170  114.83208773785606   -96.74117649531007
175  110.04671868651107   -94.34850776466095
180  105.25305867218175   -91.95169356860124
185  100.44979165308253   -89.55007577956324
190  95.63557432178777   -87.1429826366407
195  90.80904018492353   -84.72973078590324
200  85.9688061605175   -82.30962857954462
205  81.11348184943803   -79.88198071208825
210  76.24168159085107   -77.44609424861899
215  71.3520393565531   -75.0012860724809
220  66.44322647379732   -72.54689174725897
225  61.51397208916625   -70.0822757493305
230  56.563086195730435   -67.60684298211886
235  51.5894849413309   -65.12005143097545
240  46.59221781734814   -62.62142575837875
245  41.57049619625299   -60.110571573603124
250  36.523722545869774   -57.58719004082077
315  -31.14383203369578   -23.753348169771836
320  -36.4485206439676   -21.100989633613068
325  -41.75387317603313   -18.448298251143306
330  -47.05664265775341   -15.796897647557968
335  -52.35363014763209   -13.148387440484148
340  -57.64174336124787   -10.504313924519247
345  -62.918051409935096   -7.866142699574874
350  -68.17983378206132   -5.235234177933961
355  -73.42462205085022   -2.612822728124404
