0  -78.65023322010559
5  -83.85479408192904
10  -89.03675642031251
15  -94.19490331755235
20  -99.3283471807738
25  -104.43652038681785
30  -109.51915963830785
35  -114.57628523337723
40  -119.60817648449509
45  -124.61534449068516
50  -129.59850338700278
55  -134.55854108050426
60  -139.49649034701025
65  -144.4135010195332
70  -149.3108138565296
75  -154.18973654274998
80  -159.05162215158032
135  148.2024117424692
140  143.44041919473503
145  138.67866621513687
150  133.91597891804022
155  129.15117802248514
160  124.38307233595788
165  119.61045284450731
170  114.83208773785606
175  110.04671868651097
180  105.25305867218178
185  100.44979165308258
190  95.63557432178779
195  90.80904018492366
200  85.96880616051746
205  81.11348184943809
210  76.24168159085117
215  71.35203935655305
220  66.44322647379741
225  61.51397208916621
230  56.56308619573031
235  51.58948494133091
240  46.59221781734811
245  41.57049619625299
250  36.52372254586982
315  -31.14383203369587
320  -36.448520643967555
325  -41.75387317603312
330  -47.056642657753486
335  -52.35363014763217
340  -57.6417433612479
345  -62.91805140993511
350  -68.17983378206128
355  -73.42462205085029
