30  31.648304348295166
40  42.258442228554635
50  52.857072440718106
60  63.41922566039517
70  73.9225468505497
80  84.34870398344323
90  94.6842783114589
100  104.92108899260457
110  115.05600560725976
120  125.09037028577484
130  135.02917927824947
140  144.8801680968211
150  154.65291780550993
210  205.34708219449007
220  215.1198319031789
230  224.97082072175053
240  234.90962971422516
250  244.94399439274025
260  255.07891100739545
270  265.3157216885411
280  275.6512960165568
290  286.0774531494503
300  296.58077433960483
310  307.1429275592819
320  317.74155777144534
330  328.35169565170486
