               -933.6881075479
         -0.000004499      -0.000000000       0.000000000
         -0.000000000       0.000004824      -0.000000000
          0.000000000      -0.000000000       0.000000043
         100
  1     6      -0.000000016       0.000055660       0.000000002  C
  1     6       0.000105829       0.000080243      -0.000000012  C
  1     6       0.000029340      -0.000025695       0.000000016  C
  1     6      -0.000000090      -0.000198344       0.000000004  C
  1     6      -0.000143020       0.000088951       0.000000001  C
  1     6      -0.000047514      -0.000191678      -0.000000001  C
  1     6      -0.000109942       0.000054878       0.000000001  C
  1     6      -0.000263457      -0.000096094       0.000000009  C
  1     6      -0.000022133       0.000296307       0.000000001  C
  1     6       0.000048413      -0.000216299      -0.000000010  C
  1     6      -0.000042917       0.000147217      -0.000000002  C
  1     6       0.000044327      -0.000116367       0.000000005  C
  1     6      -0.000040016       0.000091820       0.000000010  C
  1     6       0.000146621      -0.000037034      -0.000000001  C
  1     6       0.000162516       0.000098746      -0.000000016  C
  1     6       0.000081884      -0.000029385       0.000000010  C
  2     1      -0.000386853       0.000197192      -0.000000001  H
  2     1      -0.000181404       0.000044627       0.000000002  H
  2     1      -0.000109734      -0.000183975      -0.000000003  H
  2     1      -0.000070097      -0.000041854      -0.000000006  H
  1     6       0.000175485      -0.000069148       0.000000016  C
  1     6       0.000101026       0.000151115      -0.000000013  C
  1     6      -0.000183816       0.000011579      -0.000000001  C
  1     6       0.000183915      -0.000011529       0.000000000  C
  1     6      -0.000122429       0.000153594      -0.000000013  C
  2     1      -0.000099013      -0.000232001       0.000000006  H
  2     1       0.000099038       0.000232025       0.000000003  H
  1     6       0.000122248      -0.000153612      -0.000000007  C
  1     6      -0.000081992       0.000029486       0.000000001  C
  1     6      -0.000162666      -0.000098889       0.000000010  C
  1     6      -0.000101002      -0.000151109      -0.000000025  C
  1     6      -0.000175248       0.000069208       0.000000012  C
  2     1       0.000070079       0.000041823      -0.000000001  H
  2     1       0.000109677       0.000183962       0.000000007  H
  2     1       0.000181323      -0.000044578       0.000000006  H
  2     1       0.000386843      -0.000197295      -0.000000000  H
  1     6       0.000263598       0.000095983       0.000000011  C
  1     6       0.000109794      -0.000054557      -0.000000012  C
  1     6      -0.000146496       0.000036952      -0.000000014  C
  1     6       0.000039727      -0.000091734       0.000000022  C
  1     6      -0.000044252       0.000116319      -0.000000014  C
  1     6       0.000043173      -0.000147076      -0.000000000  C
  1     6      -0.000048476       0.000216155       0.000000001  C
  1     6       0.000022350      -0.000296302      -0.000000014  C
  1     6      -0.000105811      -0.000080345       0.000000009  C
  1     6       0.000000035      -0.000055508      -0.000000004  C
  1     6      -0.000000022       0.000130917       0.000000008  C
  1     6       0.000047678       0.000191419       0.000000009  C
  1     6       0.000142885      -0.000088907      -0.000000001  C
  1     6      -0.000000097       0.000353957       0.000000008  C
  1     6       0.000000021       0.000198197       0.000000007  C
  1     6      -0.000029454       0.000025747      -0.000000002  C
  1     6       0.000105958      -0.000080352       0.000000020  C
  1     6      -0.000109981      -0.000054767      -0.000000014  C
  1     6       0.000146404       0.000037051      -0.000000002  C
  1     6      -0.000047411       0.000191471      -0.000000007  C
  1     6      -0.000143059      -0.000088702      -0.000000003  C
  1     6      -0.000043008      -0.000147199      -0.000000004  C
  1     6       0.000048359       0.000216260      -0.000000004  C
  1     6       0.000029332       0.000025682      -0.000000014  C
  1     6      -0.000263580       0.000096101       0.000000010  C
  1     6       0.000162457      -0.000099000      -0.000000003  C
  1     6       0.000101062      -0.000150926      -0.000000002  C
  1     6      -0.000039882      -0.000091857       0.000000010  C
  1     6       0.000044601       0.000116332      -0.000000005  C
  2     1      -0.000109882       0.000184039       0.000000005  H
  2     1      -0.000181478      -0.000044638       0.000000005  H
  1     6      -0.000021959      -0.000296404      -0.000000006  C
  1     6       0.000082039       0.000029371       0.000000001  C
  1     6      -0.000183683      -0.000011258       0.000000002  C
  1     6       0.000122462       0.000153674      -0.000000006  C
  1     6       0.000175144       0.000069264       0.000000000  C
  2     1      -0.000070062       0.000041699      -0.000000000  H
  2     1      -0.000099001       0.000232032      -0.000000002  H
  2     1      -0.000386837      -0.000197228       0.000000001  H
  1     6       0.000183839       0.000011319      -0.000000002  C
  1     6      -0.000081994      -0.000029351      -0.000000003  C
  2     1       0.000386854       0.000197328      -0.000000002  H
  2     1       0.000099027      -0.000232038       0.000000004  H
  2     1       0.000070087      -0.000041822      -0.000000001  H
  1     6      -0.000175326      -0.000069127      -0.000000003  C
  1     6      -0.000122406      -0.000153732       0.000000004  C
  1     6      -0.000162706       0.000098839       0.000000003  C
  1     6       0.000263676      -0.000096059       0.000000003  C
  1     6       0.000022110       0.000296380      -0.000000006  C
  2     1       0.000181456       0.000044623       0.000000002  H
  2     1       0.000109713      -0.000183968       0.000000002  H
  1     6      -0.000044268      -0.000116303      -0.000000003  C
  1     6       0.000040010       0.000091814      -0.000000009  C
  1     6      -0.000100955       0.000150942       0.000000010  C
  1     6       0.000110010       0.000054875       0.000000016  C
  1     6      -0.000106016       0.000080445      -0.000000020  C
  1     6      -0.000029197      -0.000025846       0.000000016  C
  1     6      -0.000048489      -0.000216204      -0.000000010  C
  1     6       0.000043019       0.000147006       0.000000002  C
  1     6       0.000143032       0.000089012       0.000000014  C
  1     6       0.000047350      -0.000191687      -0.000000024  C
  1     6      -0.000146483      -0.000037142       0.000000003  C
  1     6      -0.000000120      -0.000353728      -0.000000010  C
  1     6      -0.000000077      -0.000130981       0.000000012  C
